1 27
2 36
3 73
4 -1
5 94
6 49
7 100
8 13
9 73
10 71
11 3
12 62
13 77
14 99
15 62
16 4
17 3
18 31
19 72
20 67
21 2
22 54
23 60
24 19
25 65
26 46
27 64
28 80
29 85
30 48
31 49
32 85
33 8
34 18
35 39
36 9
37 38
38 63
39 94
40 44
41 98
42 59
43 90
44 86
45 72
46 11
47 91
48 17
49 4
50 81
51 29
52 37
53 51
54 1
55 85
56 51
57 32
58 48
59 100
60 15
61 1
62 11
63 58
64 85
65 91
66 67
67 69
68 26
69 29
70 72
71 28
72 25
73 18
74 47
75 42
76 45
77 83
78 62
79 57
80 12
81 37
82 62
83 6
84 32
85 43
86 48
87 0
88 66
89 98
90 23
91 43
92 57
93 36
94 97
95 100
96 0
97 24
98 36
99 47
100 86
