1 26
2 8
3 5
4 87
5 97
6 11
7 39
8 95
9 6
10 68
11 84
12 45
13 17
14 44
15 32
16 35
17 18
18 43
19 60
20 45
21 75
22 94
23 78
24 78
25 85
26 11
27 82
28 93
29 76
30 49
31 27
32 52
33 2
34 8
35 49
36 86
37 53
38 90
39 62
40 52
41 64
42 28
43 32
44 96
45 57
46 40
47 62
48 41
49 68
50 16
51 57
52 29
53 21
54 91
55 11
56 56
57 2
58 29
59 99
60 41
61 21
62 51
63 87
64 84
65 29
66 52
67 48
68 24
69 56
70 3
71 54
72 83
73 68
74 96
75 74
76 93
77 89
78 42
79 66
80 33
81 77
82 18
83 5
84 40
85 50
86 94
87 81
88 1
89 23
90 41
91 45
92 47
93 72
94 20
95 100
96 25
97 94
98 42
99 16
100 100
