1 47
2 10
3 3
4 59
5 68
6 35
7 24
8 21
9 87
10 89
11 47
12 56
13 60
14 68
15 93
16 29
17 23
18 62
19 14
20 65
21 92
22 90
23 29
24 59
25 36
26 99
27 -1
28 31
29 74
30 83
31 66
32 48
33 38
34 85
35 82
36 73
37 98
38 56
39 9
40 12
41 0
42 48
43 98
44 66
45 34
46 73
47 90
48 22
49 52
50 3
51 91
52 36
53 69
54 33
55 97
56 10
57 81
58 4
59 31
60 67
61 49
62 57
63 15
64 45
65 94
66 45
67 45
68 15
69 91
70 71
71 76
72 84
73 8
74 76
75 99
76 41
77 40
78 22
79 39
80 62
81 29
82 93
83 76
84 74
85 51
86 22
87 67
88 30
89 39
90 57
91 58
92 56
93 21
94 27
95 20
96 19
97 74
98 17
99 74
100 62
