1 91
2 31
3 13
4 26
5 19
6 97
7 36
8 14
9 58
10 31
11 54
12 51
13 8
14 87
15 19
16 11
17 34
18 33
19 31
20 4
21 64
22 55
23 70
24 44
25 83
26 19
27 15
28 98
29 90
30 39
31 44
32 69
33 58
34 32
35 64
36 54
37 18
38 4
39 68
40 84
41 44
42 39
43 31
44 69
45 45
46 60
47 71
48 13
49 39
50 6
51 65
52 38
53 18
54 33
55 86
56 86
57 99
58 28
59 80
60 100
61 69
62 43
63 33
64 26
65 24
66 9
67 86
68 95
69 83
70 63
71 25
72 44
73 29
74 59
75 55
76 36
77 91
78 93
79 64
80 7
81 62
82 77
83 100
84 93
85 44
86 -1
87 53
88 27
89 55
90 77
91 65
92 68
93 7
94 93
95 64
96 80
97 4
98 49
99 47
100 91
