1 15
2 92
3 14
4 31
5 72
6 70
7 48
8 99
9 99
10 65
11 36
12 22
13 83
14 64
15 82
16 91
17 35
18 52
19 98
20 65
21 91
22 27
23 23
24 25
25 51
26 60
27 78
28 36
29 47
30 97
31 19
32 12
33 36
34 99
35 52
36 14
37 28
38 41
39 2
40 91
41 60
42 0
43 81
44 28
45 33
46 77
47 81
48 43
49 40
50 98
51 94
52 23
53 99
54 2
55 57
56 69
57 25
58 9
59 32
60 28
61 29
62 63
63 21
64 86
65 99
66 80
67 56
68 73
69 7
70 35
71 32
72 70
73 84
74 65
75 97
76 65
77 89
78 32
79 100
80 87
81 70
82 78
83 20
84 100
85 2
86 67
87 50
88 30
89 10
90 12
91 80
92 44
93 61
94 6
95 78
96 24
97 26
98 16
99 3
100 50
