1 77
2 39
3 76
4 95
5 95
6 45
7 14
8 55
9 99
10 96
11 96
12 54
13 44
14 74
15 76
16 74
17 21
18 70
19 37
20 16
21 35
22 79
23 96
24 22
25 78
26 63
27 72
28 38
29 35
30 16
31 70
32 85
33 50
34 70
35 60
36 58
37 62
38 11
39 34
40 29
41 86
42 79
43 51
44 52
45 57
46 39
47 53
48 4
49 42
50 77
51 2
52 5
53 6
54 75
55 61
56 0
57 0
58 41
59 66
60 26
61 85
62 79
63 78
64 80
65 73
66 60
67 69
68 20
69 57
70 7
71 91
72 64
73 14
74 63
75 75
76 88
77 63
78 28
79 69
80 31
81 33
82 25
83 76
84 6
85 51
86 74
87 -1
88 27
89 97
90 27
91 73
92 91
93 84
94 41
95 96
96 98
97 54
98 16
99 52
100 17
