1 93
2 73
3 2
4 3
5 51
6 95
7 12
8 33
9 18
10 49
11 63
12 57
13 37
14 50
15 67
16 95
17 11
18 49
19 99
20 64
21 11
22 44
23 12
24 69
25 10
26 74
27 38
28 38
29 6
30 19
31 41
32 36
33 99
34 4
35 95
36 47
37 57
38 73
39 15
40 0
41 41
42 69
43 46
44 17
45 62
46 91
47 25
48 97
49 92
50 37
51 37
52 20
53 82
54 85
55 15
56 42
57 60
58 45
59 90
60 -1
61 70
62 83
63 87
64 33
65 85
66 92
67 93
68 54
69 60
70 85
71 5
72 70
73 53
74 42
75 4
76 43
77 53
78 55
79 72
80 50
81 50
82 19
83 88
84 4
85 55
86 95
87 16
88 66
89 67
90 16
91 90
92 76
93 66
94 59
95 15
96 91
97 71
98 92
99 16
100 100
