1 92
2 25
3 55
4 25
5 75
6 91
7 36
8 66
9 58
10 23
11 27
12 72
13 9
14 68
15 23
16 97
17 54
18 7
19 88
20 21
21 63
22 3
23 85
24 90
25 88
26 82
27 59
28 38
29 69
30 50
31 23
32 100
33 3
34 64
35 32
36 86
37 69
38 86
39 19
40 71
41 70
42 97
43 6
44 23
45 81
46 85
47 21
48 59
49 90
50 63
51 48
52 64
53 24
54 97
55 8
56 62
57 4
58 77
59 99
60 54
61 74
62 50
63 38
64 94
65 48
66 95
67 20
68 50
69 11
70 63
71 79
72 14
73 38
74 89
75 63
76 75
77 66
78 75
79 95
80 94
81 93
82 29
83 60
84 92
85 58
86 25
87 29
88 33
89 2
90 37
91 77
92 85
93 38
94 73
95 33
96 25
97 62
98 23
99 33
100 79
