1 64
2 58
3 43
4 50
5 33
6 2
7 88
8 91
9 57
10 23
11 10
12 62
13 44
14 51
15 64
16 48
17 39
18 97
19 10
20 28
21 78
22 85
23 14
24 24
25 5
26 11
27 7
28 49
29 34
30 78
31 14
32 36
33 78
34 2
35 6
36 1
37 66
38 5
39 3
40 1
41 24
42 6
43 76
44 27
45 29
46 33
47 35
48 17
49 32
50 9
51 85
52 45
53 80
54 58
55 80
56 74
57 38
58 92
59 47
60 53
61 28
62 43
63 67
64 53
65 49
66 36
67 84
68 17
69 46
70 47
71 35
72 93
73 98
74 87
75 11
76 87
77 57
78 97
79 17
80 58
81 67
82 47
83 38
84 38
85 0
86 18
87 59
88 28
89 89
90 65
91 91
92 17
93 30
94 100
95 3
96 39
97 54
98 40
99 21
100 98
