1 86
2 43
3 30
4 2
5 35
6 40
7 92
8 96
9 84
10 77
11 34
12 8
13 65
14 80
15 46
16 2
17 20
18 88
19 20
20 59
21 40
22 32
23 84
24 -1
25 24
26 100
27 34
28 41
29 11
30 35
31 2
32 66
33 72
34 59
35 29
36 56
37 2
38 53
39 94
40 45
41 43
42 49
43 53
44 32
45 51
46 31
47 58
48 81
49 100
50 98
51 95
52 17
53 73
54 28
55 60
56 51
57 24
58 28
59 52
60 61
61 63
62 56
63 48
64 10
65 75
66 66
67 22
68 11
69 90
70 4
71 64
72 67
73 72
74 67
75 23
76 40
77 49
78 21
79 80
80 1
81 30
82 18
83 35
84 29
85 6
86 31
87 32
88 91
89 29
90 98
91 27
92 94
93 43
94 21
95 39
96 87
97 74
98 55
99 64
100 55
