1 52
2 68
3 90
4 80
5 72
6 89
7 28
8 2
9 4
10 35
11 10
12 -1
13 4
14 86
15 66
16 23
17 19
18 4
19 13
20 85
21 38
22 76
23 80
24 55
25 87
26 79
27 91
28 57
29 84
30 60
31 63
32 15
33 84
34 20
35 63
36 0
37 25
38 5
39 57
40 55
41 89
42 53
43 47
44 67
45 61
46 9
47 99
48 23
49 75
50 61
51 43
52 39
53 46
54 13
55 75
56 94
57 77
58 34
59 12
60 80
61 39
62 29
63 65
64 65
65 45
66 98
67 81
68 70
69 66
70 67
71 19
72 82
73 88
74 42
75 12
76 36
77 86
78 94
79 23
80 6
81 13
82 93
83 18
84 5
85 3
86 26
87 30
88 20
89 61
90 41
91 43
92 99
93 76
94 81
95 39
96 -1
97 38
98 34
99 48
100 76
