1 100
2 53
3 72
4 91
5 32
6 74
7 10
8 55
9 35
10 21
11 19
12 33
13 0
14 50
15 63
16 27
17 59
18 80
19 93
20 23
21 29
22 71
23 34
24 31
25 54
26 7
27 48
28 9
29 71
30 23
31 31
32 32
33 87
34 10
35 59
36 18
37 37
38 59
39 67
40 69
41 85
42 83
43 72
44 57
45 58
46 97
47 88
48 29
49 39
50 14
51 42
52 60
53 8
54 80
55 54
56 11
57 31
58 36
59 17
60 6
61 5
62 72
63 36
64 24
65 5
66 12
67 45
68 54
69 62
70 15
71 99
72 61
73 12
74 29
75 66
76 37
77 92
78 84
79 44
80 56
81 15
82 21
83 77
84 64
85 60
86 36
87 16
88 70
89 25
90 6
91 60
92 37
93 46
94 35
95 16
96 15
97 47
98 42
99 -1
100 97
