1 89
2 88
3 57
4 27
5 84
6 39
7 97
8 75
9 17
10 8
11 1
12 76
13 55
14 39
15 12
16 32
17 30
18 30
19 81
20 57
21 52
22 72
23 92
24 5
25 17
26 42
27 87
28 90
29 9
30 16
31 14
32 38
33 47
34 83
35 24
36 85
37 59
38 20
39 68
40 11
41 42
42 4
43 8
44 3
45 96
46 84
47 29
48 13
49 57
50 22
51 96
52 92
53 26
54 59
55 89
56 65
57 78
58 61
59 64
60 58
61 33
62 76
63 51
64 57
65 45
66 86
67 7
68 92
69 26
70 3
71 78
72 89
73 62
74 2
75 31
76 89
77 52
78 5
79 25
80 94
81 36
82 1
83 54
84 15
85 17
86 38
87 67
88 91
89 12
90 83
91 60
92 9
93 3
94 44
95 19
96 64
97 20
98 42
99 31
100 90
