1 16
2 86
3 12
4 76
5 30
6 85
7 90
8 25
9 83
10 95
11 8
12 10
13 67
14 80
15 65
16 78
17 16
18 75
19 9
20 73
21 2
22 1
23 7
24 63
25 25
26 74
27 28
28 1
29 4
30 65
31 12
32 79
33 23
34 21
35 26
36 10
37 44
38 47
39 1
40 -1
41 86
42 58
43 7
44 36
45 54
46 7
47 98
48 60
49 29
50 2
51 46
52 67
53 81
54 12
55 8
56 49
57 80
58 5
59 84
60 36
61 58
62 58
63 71
64 5
65 39
66 7
67 69
68 41
69 99
70 49
71 65
72 84
73 43
74 98
75 74
76 68
77 15
78 17
79 10
80 90
81 66
82 62
83 58
84 35
85 0
86 39
87 26
88 21
89 98
90 71
91 66
92 43
93 35
94 36
95 58
96 50
97 89
98 41
99 88
100 18
