1 47
2 18
3 95
4 43
5 100
6 77
7 83
8 12
9 65
10 11
11 62
12 23
13 36
14 79
15 35
16 37
17 37
18 97
19 94
20 29
21 83
22 42
23 69
24 100
25 0
26 99
27 49
28 83
29 93
30 81
31 89
32 19
33 32
34 53
35 58
36 85
37 65
38 71
39 67
40 6
41 61
42 3
43 97
44 55
45 80
46 93
47 96
48 3
49 72
50 26
51 14
52 17
53 75
54 61
55 13
56 8
57 68
58 52
59 71
60 69
61 58
62 54
63 23
64 6
65 11
66 95
67 2
68 35
69 38
70 42
71 85
72 62
73 17
74 7
75 90
76 17
77 61
78 70
79 34
80 84
81 51
82 13
83 68
84 71
85 70
86 65
87 67
88 43
89 79
90 54
91 49
92 4
93 27
94 94
95 56
96 48
97 5
98 65
99 48
100 90
