1 91
2 73
3 44
4 4
5 36
6 79
7 20
8 58
9 97
10 30
11 17
12 70
13 51
14 21
15 93
16 28
17 69
18 21
19 66
20 61
21 0
22 12
23 54
24 43
25 23
26 11
27 46
28 55
29 93
30 90
31 70
32 82
33 64
34 50
35 24
36 52
37 21
38 11
39 63
40 75
41 47
42 24
43 5
44 41
45 75
46 93
47 16
48 60
49 23
50 19
51 58
52 23
53 -1
54 46
55 43
56 74
57 85
58 18
59 75
60 39
61 82
62 3
63 83
64 36
65 67
66 85
67 65
68 89
69 60
70 36
71 98
72 48
73 4
74 66
75 7
76 73
77 26
78 21
79 26
80 72
81 27
82 88
83 5
84 31
85 84
86 51
87 38
88 52
89 60
90 29
91 62
92 66
93 54
94 23
95 32
96 38
97 68
98 79
99 79
100 66
