1 0
2 -1
3 28
4 68
5 65
6 38
7 11
8 33
9 6
10 80
11 67
12 58
13 9
14 38
15 72
16 1
17 10
18 66
19 8
20 24
21 29
22 96
23 4
24 73
25 90
26 13
27 62
28 17
29 47
30 58
31 18
32 34
33 63
34 72
35 30
36 47
37 7
38 29
39 91
40 18
41 41
42 54
43 22
44 18
45 82
46 23
47 2
48 85
49 46
50 86
51 24
52 40
53 83
54 18
55 26
56 62
57 76
58 72
59 12
60 70
61 43
62 74
63 10
64 4
65 58
66 64
67 92
68 59
69 10
70 43
71 83
72 10
73 43
74 49
75 20
76 52
77 93
78 59
79 65
80 73
81 92
82 67
83 75
84 11
85 86
86 12
87 31
88 38
89 54
90 26
91 8
92 53
93 90
94 3
95 72
96 88
97 11
98 78
99 8
100 40
