1 11
2 93
3 47
4 41
5 3
6 61
7 91
8 37
9 45
10 66
11 39
12 78
13 36
14 56
15 31
16 2
17 20
18 62
19 63
20 75
21 6
22 94
23 57
24 36
25 61
26 75
27 20
28 31
29 41
30 90
31 13
32 73
33 46
34 96
35 -1
36 64
37 23
38 51
39 21
40 82
41 84
42 26
43 63
44 14
45 65
46 45
47 37
48 22
49 5
50 70
51 3
52 31
53 37
54 51
55 44
56 38
57 29
58 46
59 75
60 71
61 4
62 49
63 92
64 26
65 29
66 77
67 8
68 10
69 70
70 90
71 74
72 63
73 92
74 3
75 61
76 19
77 87
78 25
79 95
80 55
81 87
82 58
83 50
84 88
85 28
86 21
87 77
88 2
89 71
90 70
91 37
92 -1
93 62
94 8
95 62
96 86
97 42
98 85
99 78
100 11
