1 84
2 85
3 80
4 95
5 29
6 52
7 86
8 95
9 9
10 51
11 8
12 80
13 55
14 22
15 21
16 1
17 12
18 50
19 94
20 70
21 46
22 7
23 1
24 17
25 45
26 96
27 39
28 96
29 61
30 81
31 91
32 96
33 94
34 75
35 89
36 18
37 20
38 38
39 43
40 37
41 55
42 83
43 22
44 42
45 75
46 41
47 47
48 100
49 84
50 49
51 3
52 34
53 95
54 1
55 3
56 80
57 67
58 47
59 17
60 92
61 84
62 52
63 91
64 14
65 12
66 22
67 13
68 6
69 62
70 75
71 48
72 67
73 32
74 90
75 34
76 9
77 38
78 33
79 31
80 29
81 43
82 23
83 40
84 99
85 16
86 20
87 21
88 14
89 43
90 100
91 21
92 10
93 100
94 20
95 99
96 99
97 48
98 41
99 0
100 61
