1 99
2 9
3 68
4 80
5 39
6 93
7 53
8 69
9 28
10 -1
11 60
12 37
13 15
14 47
15 81
16 90
17 13
18 82
19 93
20 72
21 63
22 62
23 85
24 44
25 44
26 22
27 24
28 62
29 44
30 75
31 100
32 25
33 54
34 68
35 50
36 56
37 27
38 35
39 37
40 5
41 40
42 0
43 63
44 24
45 81
46 17
47 43
48 56
49 28
50 43
51 4
52 35
53 79
54 79
55 84
56 11
57 71
58 11
59 24
60 82
61 62
62 5
63 27
64 87
65 85
66 2
67 7
68 96
69 14
70 32
71 82
72 24
73 50
74 0
75 31
76 73
77 64
78 35
79 31
80 23
81 86
82 58
83 19
84 46
85 65
86 -1
87 71
88 83
89 86
90 13
91 47
92 18
93 30
94 92
95 54
96 92
97 10
98 23
99 79
100 23
