1 18
2 60
3 93
4 48
5 40
6 10
7 21
8 40
9 100
10 12
11 82
12 78
13 42
14 7
15 77
16 73
17 11
18 58
19 25
20 17
21 23
22 88
23 29
24 28
25 46
26 46
27 2
28 47
29 89
30 45
31 37
32 42
33 32
34 76
35 19
36 75
37 58
38 43
39 87
40 63
41 87
42 7
43 81
44 85
45 30
46 64
47 17
48 15
49 91
50 92
51 93
52 4
53 54
54 22
55 37
56 42
57 50
58 81
59 86
60 66
61 11
62 20
63 26
64 69
65 34
66 5
67 65
68 45
69 90
70 59
71 45
72 58
73 42
74 61
75 55
76 65
77 40
78 63
79 3
80 89
81 12
82 99
83 19
84 40
85 9
86 12
87 93
88 38
89 65
90 26
91 40
92 87
93 39
94 52
95 100
96 60
97 3
98 64
99 59
100 67
