1 23
2 89
3 85
4 57
5 90
6 20
7 57
8 94
9 58
10 11
11 23
12 2
13 7
14 20
15 86
16 94
17 36
18 90
19 0
20 87
21 27
22 8
23 12
24 42
25 83
26 47
27 98
28 41
29 28
30 63
31 21
32 67
33 12
34 3
35 13
36 74
37 73
38 89
39 68
40 41
41 81
42 30
43 28
44 79
45 21
46 3
47 21
48 39
49 75
50 64
51 56
52 100
53 96
54 20
55 82
56 52
57 36
58 68
59 3
60 70
61 1
62 76
63 4
64 30
65 28
66 53
67 33
68 65
69 25
70 16
71 92
72 18
73 51
74 53
75 16
76 28
77 46
78 18
79 59
80 84
81 2
82 9
83 42
84 18
85 71
86 5
87 40
88 26
89 51
90 25
91 19
92 19
93 19
94 84
95 78
96 2
97 15
98 85
99 29
100 96
