1 6
2 41
3 55
4 31
5 16
6 94
7 60
8 3
9 71
10 25
11 35
12 10
13 5
14 11
15 33
16 6
17 28
18 21
19 40
20 21
21 76
22 93
23 32
24 50
25 74
26 58
27 20
28 88
29 58
30 38
31 10
32 58
33 19
34 89
35 49
36 31
37 53
38 0
39 57
40 57
41 84
42 38
43 24
44 46
45 16
46 25
47 17
48 23
49 -1
50 15
51 66
52 79
53 47
54 13
55 63
56 32
57 98
58 100
59 72
60 20
61 26
62 37
63 19
64 100
65 66
66 99
67 10
68 15
69 82
70 35
71 10
72 73
73 86
74 94
75 76
76 3
77 73
78 17
79 73
80 38
81 79
82 63
83 38
84 84
85 30
86 26
87 95
88 57
89 40
90 2
91 20
92 64
93 43
94 73
95 27
96 18
97 52
98 48
99 7
100 61
