1 84
2 60
3 20
4 61
5 84
6 18
7 30
8 83
9 65
10 22
11 45
12 10
13 9
14 45
15 33
16 44
17 9
18 27
19 97
20 72
21 64
22 1
23 27
24 64
25 40
26 48
27 72
28 100
29 42
30 100
31 55
32 12
33 -1
34 39
35 44
36 54
37 0
38 51
39 41
40 45
41 29
42 49
43 84
44 35
45 92
46 12
47 13
48 5
49 42
50 16
51 7
52 21
53 22
54 3
55 80
56 39
57 29
58 2
59 29
60 10
61 76
62 100
63 34
64 93
65 44
66 13
67 33
68 30
69 18
70 61
71 51
72 78
73 37
74 91
75 24
76 46
77 23
78 7
79 26
80 1
81 31
82 13
83 54
84 91
85 39
86 54
87 57
88 21
89 52
90 46
91 72
92 9
93 89
94 83
95 91
96 46
97 79
98 25
99 27
100 99
