1 31
2 86
3 49
4 36
5 16
6 47
7 71
8 17
9 75
10 96
11 98
12 72
13 72
14 20
15 15
16 19
17 60
18 78
19 29
20 2
21 56
22 8
23 18
24 37
25 11
26 54
27 87
28 92
29 63
30 68
31 48
32 32
33 25
34 93
35 0
36 87
37 42
38 81
39 77
40 94
41 6
42 65
43 71
44 33
45 13
46 71
47 1
48 0
49 23
50 92
51 6
52 95
53 97
54 71
55 3
56 90
57 68
58 84
59 71
60 0
61 94
62 13
63 97
64 66
65 11
66 95
67 65
68 81
69 3
70 34
71 88
72 77
73 91
74 4
75 81
76 24
77 95
78 99
79 40
80 73
81 38
82 44
83 0
84 33
85 42
86 60
87 63
88 79
89 77
90 2
91 37
92 84
93 50
94 27
95 11
96 26
97 70
98 80
99 37
100 16
