1 46
2 56
3 55
4 36
5 83
6 84
7 33
8 82
9 19
10 49
11 19
12 68
13 4
14 4
15 76
16 80
17 85
18 73
19 90
20 17
21 88
22 80
23 30
24 41
25 85
26 30
27 47
28 98
29 94
30 6
31 19
32 78
33 26
34 69
35 12
36 50
37 86
38 83
39 2
40 30
41 52
42 64
43 1
44 77
45 65
46 42
47 81
48 82
49 87
50 23
51 19
52 100
53 2
54 77
55 96
56 73
57 66
58 72
59 85
60 62
61 39
62 20
63 84
64 45
65 87
66 49
67 79
68 35
69 39
70 88
71 10
72 -1
73 55
74 13
75 73
76 21
77 99
78 53
79 16
80 59
81 92
82 76
83 99
84 14
85 0
86 60
87 100
88 94
89 14
90 65
91 86
92 96
93 99
94 39
95 91
96 72
97 89
98 42
99 48
100 65
