1 88
2 77
3 40
4 20
5 62
6 27
7 95
8 76
9 85
10 70
11 9
12 56
13 90
14 39
15 95
16 30
17 52
18 74
19 1
20 97
21 70
22 91
23 67
24 23
25 65
26 87
27 24
28 51
29 91
30 40
31 55
32 86
33 43
34 73
35 13
36 63
37 57
38 18
39 68
40 64
41 76
42 7
43 9
44 97
45 85
46 40
47 4
48 56
49 98
50 63
51 23
52 72
53 1
54 13
55 43
56 23
57 37
58 8
59 60
60 41
61 98
62 11
63 30
64 98
65 11
66 38
67 40
68 29
69 94
70 86
71 66
72 28
73 -1
74 73
75 7
76 93
77 78
78 37
79 22
80 0
81 52
82 19
83 91
84 49
85 88
86 3
87 76
88 64
89 19
90 35
91 53
92 86
93 40
94 0
95 4
96 54
97 14
98 51
99 79
100 68
