1 70
2 32
3 5
4 62
5 74
6 96
7 29
8 92
9 9
10 56
11 5
12 56
13 59
14 41
15 89
16 39
17 49
18 36
19 9
20 85
21 86
22 62
23 67
24 97
25 60
26 83
27 11
28 79
29 41
30 35
31 21
32 22
33 -1
34 53
35 56
36 86
37 63
38 46
39 38
40 9
41 56
42 18
43 39
44 72
45 20
46 58
47 46
48 52
49 10
50 93
51 44
52 15
53 40
54 53
55 22
56 87
57 77
58 33
59 59
60 37
61 17
62 54
63 70
64 23
65 83
66 5
67 11
68 50
69 6
70 27
71 2
72 50
73 2
74 97
75 99
76 56
77 84
78 5
79 53
80 75
81 6
82 40
83 13
84 84
85 25
86 55
87 66
88 40
89 18
90 64
91 42
92 72
93 86
94 24
95 71
96 96
97 66
98 60
99 29
100 29
