1 95
2 78
3 74
4 58
5 36
6 38
7 29
8 75
9 5
10 49
11 0
12 39
13 93
14 97
15 31
16 93
17 25
18 83
19 88
20 74
21 44
22 25
23 44
24 53
25 97
26 86
27 59
28 9
29 15
30 46
31 73
32 36
33 67
34 11
35 34
36 77
37 40
38 41
39 -1
40 32
41 -1
42 71
43 37
44 78
45 50
46 37
47 66
48 87
49 52
50 90
51 64
52 86
53 37
54 87
55 71
56 86
57 98
58 15
59 95
60 80
61 42
62 100
63 40
64 61
65 38
66 97
67 1
68 97
69 49
70 34
71 67
72 4
73 10
74 8
75 12
76 47
77 4
78 95
79 77
80 62
81 44
82 3
83 34
84 29
85 8
86 56
87 2
88 47
89 66
90 39
91 43
92 83
93 46
94 10
95 71
96 6
97 45
98 18
99 79
100 100
