1 78
2 38
3 23
4 85
5 81
6 91
7 15
8 29
9 45
10 72
11 92
12 61
13 96
14 80
15 18
16 0
17 49
18 97
19 31
20 98
21 45
22 15
23 21
24 60
25 19
26 40
27 54
28 14
29 95
30 2
31 100
32 3
33 82
34 54
35 77
36 15
37 38
38 75
39 57
40 11
41 37
42 49
43 20
44 29
45 97
46 -1
47 88
48 16
49 15
50 11
51 32
52 80
53 58
54 89
55 100
56 29
57 7
58 67
59 57
60 88
61 16
62 34
63 12
64 43
65 55
66 77
67 58
68 57
69 17
70 91
71 10
72 61
73 21
74 6
75 15
76 73
77 27
78 52
79 22
80 92
81 53
82 81
83 79
84 22
85 100
86 67
87 42
88 79
89 60
90 70
91 55
92 69
93 92
94 34
95 68
96 6
97 77
98 100
99 97
100 13
