1 14
2 55
3 74
4 8
5 76
6 15
7 17
8 32
9 57
10 97
11 7
12 32
13 97
14 74
15 42
16 4
17 18
18 47
19 48
20 72
21 87
22 64
23 76
24 59
25 87
26 24
27 44
28 86
29 2
30 6
31 3
32 35
33 23
34 16
35 21
36 45
37 7
38 65
39 66
40 53
41 3
42 -1
43 5
44 85
45 56
46 48
47 44
48 100
49 9
50 53
51 95
52 63
53 22
54 11
55 75
56 34
57 6
58 90
59 81
60 75
61 67
62 3
63 12
64 48
65 25
66 68
67 76
68 70
69 -1
70 90
71 65
72 27
73 50
74 100
75 57
76 95
77 93
78 12
79 15
80 75
81 68
82 75
83 61
84 52
85 20
86 2
87 85
88 40
89 75
90 37
91 64
92 59
93 69
94 74
95 41
96 44
97 61
98 79
99 12
100 89
