1 55
2 27
3 49
4 45
5 95
6 81
7 36
8 41
9 79
10 5
11 81
12 78
13 5
14 88
15 69
16 20
17 41
18 75
19 31
20 66
21 91
22 50
23 16
24 5
25 84
26 28
27 94
28 22
29 33
30 72
31 60
32 38
33 65
34 97
35 92
36 60
37 91
38 43
39 72
40 4
41 89
42 66
43 24
44 41
45 35
46 50
47 35
48 2
49 74
50 83
51 29
52 -1
53 28
54 20
55 60
56 82
57 3
58 72
59 -1
60 8
61 12
62 58
63 38
64 23
65 0
66 49
67 89
68 38
69 82
70 50
71 25
72 56
73 67
74 99
75 68
76 26
77 1
78 -1
79 77
80 14
81 54
82 88
83 26
84 -1
85 41
86 70
87 5
88 69
89 25
90 5
91 73
92 15
93 89
94 97
95 68
96 25
97 42
98 94
99 64
100 96
