1 44
2 78
3 67
4 85
5 64
6 49
7 79
8 55
9 32
10 42
11 40
12 71
13 87
14 5
15 49
16 70
17 8
18 96
19 64
20 46
21 9
22 43
23 92
24 52
25 46
26 51
27 65
28 10
29 63
30 56
31 -1
32 34
33 86
34 6
35 33
36 12
37 88
38 99
39 73
40 70
41 40
42 92
43 25
44 27
45 100
46 28
47 59
48 96
49 83
50 13
51 26
52 90
53 -1
54 96
55 64
56 69
57 84
58 50
59 67
60 33
61 -1
62 92
63 81
64 21
65 15
66 79
67 47
68 64
69 7
70 52
71 57
72 48
73 -1
74 79
75 56
76 63
77 59
78 34
79 97
80 81
81 17
82 -1
83 20
84 80
85 88
86 99
87 74
88 18
89 100
90 43
91 36
92 73
93 29
94 50
95 22
96 18
97 47
98 88
99 57
100 97
