1 5
2 6
3 11
4 40
5 83
6 30
7 19
8 83
9 95
10 -1
11 8
12 22
13 58
14 44
15 48
16 97
17 57
18 46
19 95
20 59
21 76
22 82
23 54
24 39
25 60
26 69
27 90
28 8
29 3
30 67
31 91
32 47
33 57
34 41
35 7
36 84
37 15
38 96
39 73
40 1
41 84
42 62
43 43
44 83
45 5
46 89
47 90
48 60
49 45
50 50
51 86
52 2
53 50
54 7
55 1
56 82
57 61
58 30
59 32
60 90
61 41
62 73
63 76
64 96
65 4
66 78
67 78
68 80
69 15
70 18
71 92
72 39
73 90
74 30
75 58
76 49
77 82
78 48
79 82
80 38
81 23
82 7
83 57
84 31
85 92
86 97
87 27
88 19
89 66
90 44
91 76
92 12
93 39
94 67
95 78
96 41
97 15
98 29
99 13
100 94
