1 63
2 8
3 10
4 79
5 100
6 21
7 72
8 58
9 17
10 91
11 0
12 41
13 81
14 24
15 12
16 71
17 29
18 -1
19 79
20 27
21 98
22 73
23 82
24 99
25 92
26 19
27 88
28 49
29 43
30 78
31 14
32 82
33 0
34 76
35 44
36 94
37 7
38 82
39 33
40 82
41 89
42 61
43 3
44 51
45 26
46 66
47 12
48 77
49 51
50 52
51 96
52 18
53 46
54 89
55 80
56 83
57 81
58 98
59 4
60 7
61 13
62 91
63 6
64 39
65 22
66 6
67 47
68 0
69 42
70 87
71 69
72 48
73 55
74 75
75 67
76 68
77 99
78 54
79 23
80 64
81 55
82 64
83 48
84 65
85 49
86 95
87 64
88 52
89 38
90 60
91 71
92 63
93 13
94 39
95 3
96 20
97 80
98 34
99 83
100 93
