1 99
2 68
3 94
4 77
5 98
6 34
7 25
8 89
9 51
10 59
11 60
12 52
13 84
14 43
15 92
16 33
17 0
18 33
19 26
20 38
21 74
22 62
23 41
24 98
25 21
26 47
27 37
28 17
29 49
30 17
31 70
32 77
33 56
34 54
35 54
36 30
37 85
38 72
39 96
40 38
41 86
42 38
43 12
44 70
45 2
46 91
47 13
48 46
49 41
50 51
51 90
52 5
53 12
54 52
55 23
56 94
57 38
58 27
59 84
60 98
61 40
62 77
63 4
64 56
65 51
66 7
67 23
68 98
69 89
70 68
71 16
72 52
73 6
74 57
75 60
76 81
77 68
78 62
79 86
80 28
81 24
82 12
83 60
84 96
85 3
86 77
87 62
88 87
89 74
90 90
91 68
92 92
93 71
94 67
95 98
96 89
97 98
98 57
99 65
100 1
