1 64
2 99
3 85
4 33
5 59
6 16
7 5
8 61
9 25
10 93
11 13
12 98
13 67
14 -1
15 79
16 35
17 53
18 51
19 14
20 37
21 76
22 99
23 2
24 64
25 58
26 46
27 18
28 74
29 77
30 29
31 40
32 33
33 63
34 5
35 79
36 50
37 19
38 41
39 28
40 75
41 60
42 67
43 68
44 65
45 92
46 91
47 51
48 65
49 18
50 81
51 0
52 11
53 60
54 10
55 21
56 13
57 95
58 9
59 7
60 1
61 54
62 48
63 80
64 87
65 81
66 53
67 65
68 77
69 56
70 43
71 64
72 49
73 59
74 9
75 28
76 0
77 12
78 73
79 90
80 39
81 45
82 99
83 60
84 58
85 84
86 94
87 21
88 38
89 36
90 93
91 70
92 73
93 22
94 67
95 65
96 72
97 45
98 40
99 71
100 89
