1 20
2 56
3 16
4 88
5 90
6 57
7 22
8 50
9 70
10 23
11 44
12 12
13 36
14 21
15 72
16 9
17 78
18 69
19 55
20 48
21 50
22 0
23 33
24 72
25 60
26 75
27 2
28 0
29 45
30 38
31 39
32 52
33 26
34 8
35 22
36 16
37 60
38 22
39 52
40 79
41 78
42 66
43 55
44 10
45 38
46 34
47 99
48 84
49 36
50 66
51 73
52 18
53 63
54 91
55 3
56 58
57 96
58 59
59 100
60 64
61 83
62 93
63 32
64 93
65 22
66 75
67 43
68 -1
69 13
70 39
71 91
72 64
73 14
74 61
75 84
76 73
77 39
78 95
79 7
80 44
81 26
82 0
83 16
84 61
85 3
86 73
87 83
88 42
89 39
90 43
91 73
92 7
93 44
94 53
95 83
96 10
97 11
98 74
99 -1
100 86
