1 70
2 63
3 67
4 50
5 36
6 58
7 37
8 82
9 0
10 14
11 42
12 32
13 37
14 48
15 56
16 21
17 1
18 17
19 61
20 65
21 26
22 51
23 83
24 95
25 12
26 21
27 59
28 65
29 68
30 78
31 71
32 28
33 42
34 28
35 28
36 4
37 31
38 91
39 57
40 92
41 36
42 91
43 15
44 44
45 44
46 66
47 68
48 91
49 47
50 36
51 2
52 56
53 6
54 17
55 31
56 94
57 70
58 40
59 22
60 1
61 60
62 57
63 81
64 81
65 6
66 87
67 37
68 63
69 37
70 0
71 99
72 76
73 64
74 76
75 32
76 32
77 71
78 57
79 58
80 40
81 93
82 80
83 62
84 32
85 94
86 78
87 9
88 13
89 20
90 90
91 -1
92 57
93 71
94 56
95 71
96 7
97 84
98 93
99 43
100 79
