1 67
2 4
3 40
4 6
5 16
6 71
7 91
8 44
9 19
10 52
11 76
12 93
13 77
14 65
15 78
16 91
17 42
18 14
19 47
20 77
21 11
22 23
23 10
24 11
25 44
26 2
27 41
28 53
29 31
30 34
31 63
32 17
33 83
34 48
35 66
36 83
37 28
38 76
39 46
40 16
41 64
42 99
43 23
44 12
45 54
46 19
47 80
48 28
49 85
50 63
51 100
52 59
53 95
54 7
55 6
56 83
57 94
58 68
59 46
60 57
61 9
62 79
63 29
64 96
65 18
66 10
67 76
68 2
69 57
70 4
71 73
72 28
73 20
74 15
75 49
76 27
77 4
78 28
79 22
80 20
81 43
82 39
83 87
84 19
85 31
86 91
87 58
88 89
89 79
90 38
91 20
92 46
93 16
94 14
95 4
96 99
97 13
98 83
99 40
100 26
