1 83
2 57
3 9
4 54
5 78
6 88
7 86
8 57
9 28
10 23
11 45
12 78
13 76
14 2
15 84
16 86
17 16
18 98
19 91
20 93
21 85
22 49
23 85
24 92
25 88
26 55
27 67
28 38
29 83
30 9
31 99
32 40
33 16
34 17
35 46
36 49
37 55
38 2
39 79
40 66
41 37
42 32
43 80
44 73
45 61
46 46
47 56
48 8
49 13
50 67
51 83
52 12
53 78
54 83
55 56
56 36
57 71
58 41
59 32
60 85
61 7
62 78
63 70
64 77
65 36
66 85
67 59
68 17
69 63
70 49
71 37
72 38
73 20
74 80
75 84
76 10
77 43
78 18
79 89
80 2
81 47
82 56
83 100
84 28
85 11
86 43
87 87
88 19
89 47
90 11
91 14
92 7
93 99
94 -1
95 70
96 78
97 95
98 37
99 31
100 62
