1 19
2 54
3 20
4 99
5 70
6 27
7 7
8 51
9 8
10 81
11 14
12 16
13 20
14 4
15 10
16 29
17 18
18 51
19 60
20 38
21 63
22 29
23 97
24 77
25 29
26 73
27 45
28 65
29 28
30 0
31 33
32 91
33 37
34 78
35 2
36 93
37 16
38 38
39 68
40 65
41 14
42 86
43 10
44 97
45 62
46 9
47 36
48 73
49 39
50 39
51 7
52 29
53 81
54 95
55 44
56 96
57 94
58 68
59 10
60 93
61 97
62 90
63 63
64 81
65 98
66 11
67 79
68 9
69 13
70 35
71 53
72 20
73 23
74 15
75 39
76 93
77 43
78 19
79 73
80 32
81 21
82 87
83 44
84 56
85 19
86 4
87 92
88 61
89 18
90 39
91 37
92 38
93 68
94 80
95 48
96 0
97 24
98 62
99 100
100 59
