1 47
2 17
3 62
4 34
5 30
6 1
7 30
8 4
9 62
10 86
11 26
12 99
13 76
14 95
15 54
16 48
17 98
18 26
19 3
20 70
21 84
22 28
23 87
24 72
25 65
26 43
27 5
28 96
29 62
30 52
31 99
32 97
33 1
34 80
35 20
36 23
37 88
38 64
39 34
40 38
41 56
42 89
43 22
44 49
45 47
46 53
47 25
48 59
49 93
50 84
51 76
52 90
53 11
54 14
55 97
56 43
57 36
58 99
59 20
60 66
61 33
62 69
63 74
64 55
65 71
66 45
67 57
68 61
69 90
70 89
71 12
72 8
73 12
74 7
75 32
76 57
77 33
78 26
79 94
80 88
81 23
82 45
83 64
84 71
85 9
86 70
87 35
88 11
89 55
90 86
91 91
92 61
93 29
94 45
95 76
96 43
97 28
98 97
99 26
100 3
