1 10
2 6
3 90
4 30
5 68
6 36
7 9
8 33
9 88
10 30
11 28
12 7
13 70
14 95
15 17
16 60
17 51
18 21
19 45
20 30
21 99
22 76
23 87
24 28
25 61
26 33
27 26
28 50
29 92
30 48
31 81
32 41
33 94
34 55
35 19
36 45
37 36
38 3
39 74
40 100
41 25
42 10
43 21
44 100
45 58
46 39
47 86
48 51
49 74
50 88
51 73
52 76
53 40
54 88
55 1
56 32
57 81
58 43
59 37
60 19
61 32
62 34
63 10
64 11
65 28
66 2
67 95
68 36
69 42
70 70
71 55
72 88
73 26
74 33
75 83
76 74
77 21
78 14
79 33
80 35
81 33
82 33
83 53
84 96
85 28
86 17
87 48
88 84
89 63
90 98
91 83
92 6
93 39
94 34
95 17
96 7
97 64
98 74
99 49
100 65
