1 79
2 79
3 39
4 29
5 15
6 31
7 3
8 34
9 56
10 90
11 67
12 47
13 7
14 10
15 25
16 23
17 1
18 68
19 21
20 19
21 57
22 53
23 27
24 58
25 67
26 74
27 30
28 40
29 86
30 22
31 21
32 98
33 84
34 27
35 56
36 90
37 63
38 55
39 56
40 4
41 67
42 75
43 69
44 58
45 90
46 47
47 21
48 59
49 41
50 34
51 99
52 2
53 60
54 8
55 39
56 35
57 44
58 86
59 73
60 24
61 31
62 94
63 4
64 68
65 33
66 88
67 52
68 73
69 2
70 21
71 4
72 58
73 75
74 59
75 24
76 96
77 50
78 67
79 54
80 85
81 24
82 88
83 67
84 3
85 14
86 13
87 99
88 46
89 65
90 45
91 28
92 7
93 58
94 56
95 16
96 68
97 7
98 3
99 75
100 81
