1 83
2 55
3 59
4 43
5 37
6 2
7 39
8 42
9 19
10 27
11 36
12 92
13 100
14 26
15 1
16 54
17 84
18 92
19 82
20 13
21 40
22 29
23 3
24 51
25 96
26 45
27 29
28 78
29 66
30 29
31 94
32 12
33 23
34 -1
35 44
36 56
37 98
38 89
39 74
40 62
41 70
42 34
43 88
44 41
45 17
46 71
47 18
48 65
49 87
50 2
51 50
52 25
53 13
54 39
55 22
56 98
57 87
58 3
59 57
60 35
61 90
62 7
63 33
64 10
65 57
66 39
67 46
68 81
69 0
70 0
71 6
72 29
73 82
74 1
75 11
76 66
77 16
78 26
79 40
80 2
81 89
82 25
83 0
84 87
85 29
86 31
87 23
88 72
89 89
90 61
91 23
92 89
93 71
94 34
95 42
96 96
97 93
98 28
99 54
100 17
