1 19
2 13
3 12
4 97
5 81
6 55
7 77
8 59
9 23
10 79
11 41
12 17
13 23
14 82
15 21
16 40
17 87
18 84
19 89
20 66
21 3
22 90
23 47
24 60
25 83
26 53
27 91
28 55
29 49
30 32
31 7
32 69
33 44
34 8
35 35
36 38
37 30
38 55
39 77
40 15
41 15
42 4
43 29
44 66
45 39
46 61
47 80
48 7
49 10
50 30
51 44
52 73
53 48
54 58
55 27
56 97
57 39
58 82
59 60
60 58
61 98
62 65
63 87
64 97
65 0
66 10
67 6
68 100
69 97
70 36
71 67
72 9
73 17
74 65
75 69
76 52
77 40
78 16
79 83
80 13
81 54
82 14
83 2
84 79
85 11
86 26
87 71
88 41
89 7
90 94
91 72
92 93
93 94
94 79
95 41
96 13
97 83
98 2
99 94
100 12
