1 99
2 69
3 62
4 55
5 98
6 88
7 36
8 27
9 94
10 64
11 83
12 54
13 34
14 9
15 98
16 11
17 0
18 3
19 52
20 32
21 16
22 94
23 96
24 46
25 36
26 78
27 94
28 1
29 17
30 3
31 46
32 54
33 98
34 1
35 39
36 25
37 3
38 55
39 8
40 61
41 0
42 72
43 16
44 97
45 15
46 92
47 15
48 29
49 19
50 76
51 38
52 -1
53 58
54 21
55 99
56 23
57 31
58 46
59 21
60 46
61 96
62 88
63 94
64 19
65 13
66 50
67 56
68 1
69 25
70 9
71 76
72 48
73 98
74 3
75 47
76 22
77 39
78 43
79 55
80 71
81 58
82 86
83 84
84 48
85 66
86 59
87 67
88 4
89 46
90 15
91 6
92 97
93 49
94 54
95 90
96 71
97 82
98 69
99 20
100 48
