1 93
2 64
3 11
4 83
5 64
6 6
7 11
8 74
9 40
10 25
11 8
12 7
13 94
14 91
15 46
16 25
17 42
18 27
19 92
20 92
21 58
22 11
23 33
24 63
25 91
26 68
27 70
28 45
29 84
30 40
31 12
32 36
33 22
34 15
35 37
36 -1
37 93
38 22
39 85
40 56
41 2
42 68
43 47
44 9
45 81
46 50
47 24
48 29
49 86
50 68
51 60
52 95
53 18
54 13
55 42
56 53
57 31
58 29
59 89
60 30
61 35
62 98
63 68
64 88
65 20
66 68
67 18
68 13
69 90
70 27
71 2
72 98
73 48
74 5
75 28
76 58
77 90
78 31
79 16
80 20
81 2
82 43
83 83
84 7
85 93
86 70
87 8
88 16
89 25
90 34
91 13
92 53
93 90
94 88
95 85
96 16
97 19
98 34
99 89
100 1
