1 44
2 14
3 54
4 38
5 22
6 52
7 62
8 70
9 61
10 62
11 61
12 54
13 9
14 37
15 16
16 8
17 29
18 30
19 78
20 17
21 50
22 86
23 97
24 14
25 26
26 31
27 67
28 52
29 35
30 18
31 89
32 56
33 29
34 51
35 88
36 45
37 45
38 65
39 3
40 90
41 38
42 15
43 21
44 76
45 9
46 49
47 53
48 60
49 22
50 39
51 75
52 96
53 99
54 26
55 24
56 69
57 90
58 60
59 19
60 83
61 54
62 29
63 23
64 83
65 77
66 15
67 78
68 96
69 98
70 96
71 0
72 83
73 58
74 38
75 21
76 19
77 27
78 43
79 90
80 85
81 97
82 48
83 54
84 23
85 34
86 75
87 56
88 67
89 21
90 4
91 56
92 85
93 51
94 84
95 89
96 84
97 66
98 45
99 38
100 96
