242 79
302 77
82 77
317 73
216 73
133 72
325 70
180 69
256 68
165 68
49 68
181 66
96 65
46 65
218 64
191 64
139 64
425 63
319 63
274 63
120 63
408 62
323 62
85 62
79 62
75 62
6 62
179 61
16 61
4 61
300 60
262 60
64 60
47 60
433 59
142 59
106 59
102 59
361 58
164 58
62 58
61 58
463 57
275 57
166 56
119 56
100 56
50 56
33 56
283 55
270 55
152 55
39 55
368 54
335 54
314 54
303 54
169 54
454 53
410 53
378 53
344 53
330 53
326 53
231 53
226 53
155 53
87 53
22 53
14 53
404 52
389 52
388 52
362 52
331 52
327 52
290 52
279 52
273 52
195 52
366 51
230 51
210 51
93 51
80 51
40 51
464 50
453 50
426 50
322 50
189 50
111 50
84 50
68 50
25 50
0 50
452 49
427 49
384 49
367 49
348 49
297 49
208 49
175 49
134 49
90 49
52 49
466 48
419 48
386 48
380 48
364 48
313 48
215 48
209 48
196 48
188 48
149 48
127 48
124 48
20 48
423 47
248 47
225 47
202 47
42 47
38 47
17 47
460 46
373 46
346 46
295 46
284 46
261 46
229 46
222 46
214 46
199 46
185 46
177 46
167 46
148 46
455 45
411 45
227 45
206 45
24 45
457 44
269 44
121 44
72 44
304 43
293 43
234 43
233 43
456 42
268 42
265 42
217 42
144 42
45 42
43 42
315 41
186 41
105 41
28 41
449 40
257 40
413 39
349 39
309 39
137 39
34 39
459 38
412 38
392 38
312 38
228 38
26 38
286 36
59 36
44 36
397 35
332 35
277 35
264 35
253 35
70 35
60 35
29 35
254 34
382 33
11 33
441 32
159 32
41 31
369 30
118 29
468 28
347 28
141 27
350 26
429 23
