196 10 
198 2 
199 8 
200 7 
201 2 
202 1 
203 7 
204 2 
205 8 
206 5 
207 6 
208 4 
209 5 
210 5 
211 6 
212 6 
213 6 
214 4 
215 8 
216 8 
217 8 
218 8 
219 8 
220 10 
221 8 
222 7 
223 8 
224 6 
225 8 
226 7 
227 10 
228 5 
229 7 
230 4 
231 2 
232 3 
233 7 
234 8 
237 5 
238 1 
239 1 
240 1 
242 9 
243 6 
244 7 
245 3 
246 6 
247 4 
248 2 
249 -1 
250 4 
251 3 
252 5 
253 5 
254 2 
255 6 
256 6 
257 4 
258 -1 
259 2 
260 3 
262 3 
263 1 
264 10 
265 2 
266 5 
267 1 
268 8 
269 7 
270 5 
271 3 
272 4 
273 4 
274 4 
275 9 
276 6 
277 9 
