96 2 
97 5 
98 5 
99 2 
100 3 
101 1 
102 1 
103 4 
104 5 
105 2 
106 3 
107 -1 
108 9 
109 4 
110 5 
111 7 
112 8 
113 9 
114 -1 
115 9 
116 6 
117 3 
118 1 
119 1 
120 9 
121 1 
122 -1 
123 -1 
124 9 
126 2 
127 8 
128 4 
129 -1 
130 -1 
131 2 
132 6 
133 8 
134 2 
135 4 
136 2 
137 4 
138 9 
139 4 
140 7 
141 2 
142 10 
143 10 
144 2 
146 -1 
147 6 
148 2 
149 4 
150 2 
151 2 
152 2 
153 4 
154 5 
155 9 
156 -1 
157 1 
158 3 
159 1 
160 7 
161 2 
162 -1 
163 -1 
164 7 
165 10 
166 7 
167 5 
168 1 
169 4 
170 4 
171 -1 
172 8 
173 5 
175 5 
176 6 
177 2 
179 4 
180 9 
183 10 
185 3 
186 9 
187 7 
188 10 
189 6 
190 9 
191 10 
192 2 
193 6 
194 1 
