196 8 
197 9 
198 4 
200 10 
201 9 
202 7 
203 8 
204 2 
205 5 
207 1 
208 2 
209 7 
210 7 
211 6 
212 7 
214 2 
215 1 
216 10 
217 1 
218 10 
219 3 
220 4 
221 2 
222 8 
223 6 
224 5 
225 7 
226 7 
227 3 
228 4 
229 9 
230 7 
231 10 
232 6 
233 1 
234 4 
235 4 
236 10 
237 5 
238 2 
239 7 
240 -1 
241 -1 
242 9 
243 5 
244 7 
245 7 
246 7 
247 1 
248 3 
250 5 
251 9 
253 4 
254 6 
255 5 
256 5 
257 1 
258 3 
259 9 
260 3 
261 8 
262 10 
263 -1 
264 1 
265 6 
266 1 
267 4 
268 6 
269 3 
270 2 
271 7 
272 1 
273 6 
274 10 
275 10 
276 2 
