96 10 
97 6 
98 6 
100 8 
101 6 
102 7 
103 7 
104 10 
105 7 
106 8 
107 7 
108 6 
110 -1 
111 1 
112 10 
113 3 
114 -1 
115 4 
116 9 
117 2 
118 1 
119 9 
120 8 
121 1 
122 5 
123 9 
124 5 
125 5 
126 3 
127 9 
128 -1 
129 7 
130 1 
131 -1 
132 1 
133 4 
134 10 
135 10 
136 4 
137 6 
139 10 
140 7 
141 3 
142 4 
143 7 
144 7 
146 -1 
147 2 
148 8 
149 4 
150 -1 
151 5 
152 4 
153 6 
155 7 
157 2 
158 8 
160 7 
161 7 
162 10 
163 1 
164 8 
165 4 
166 5 
167 3 
168 3 
169 6 
170 9 
171 1 
172 -1 
173 -1 
174 2 
175 10 
176 -1 
177 3 
178 6 
180 5 
181 7 
182 -1 
183 -1 
184 -1 
185 5 
186 5 
187 10 
188 1 
189 3 
190 2 
191 10 
192 4 
194 1 
195 5 
