372 -1 
373 4 
374 8 
375 8 
376 1 
377 8 
379 2 
380 2 
381 10 
382 2 
383 6 
384 5 
385 -1 
386 4 
387 8 
388 8 
389 2 
390 8 
391 -1 
392 8 
393 4 
394 1 
395 3 
397 2 
398 -1 
399 -1 
400 -1 
401 8 
402 3 
403 10 
404 3 
406 5 
407 9 
408 7 
409 9 
410 9 
411 2 
412 3 
413 3 
414 -1 
415 2 
416 2 
418 10 
419 3 
420 7 
421 3 
422 9 
423 7 
425 10 
427 10 
428 6 
429 1 
430 3 
431 9 
432 7 
433 2 
434 6 
435 8 
436 3 
437 -1 
438 -1 
439 10 
440 2 
442 10 
443 -1 
444 3 
445 3 
446 10 
447 6 
448 10 
450 9 
451 4 
452 10 
453 8 
454 10 
455 2 
456 6 
457 1 
458 8 
459 9 
460 4 
461 10 
462 -1 
463 5 
464 2 
465 -1 
466 9 
467 7 
468 3 
469 -1 
