196 9 
197 4 
198 -1 
199 6 
200 -1 
201 5 
202 10 
203 3 
204 6 
205 2 
207 2 
208 3 
209 7 
210 10 
211 7 
212 -1 
213 6 
214 4 
215 3 
216 7 
217 3 
218 4 
219 2 
220 1 
221 10 
222 9 
223 8 
224 -1 
226 8 
227 8 
228 4 
229 10 
230 5 
231 1 
232 4 
233 1 
234 1 
235 8 
236 5 
237 3 
238 6 
239 10 
240 8 
241 1 
242 10 
243 5 
244 7 
245 -1 
246 -1 
247 3 
248 6 
249 6 
250 -1 
251 10 
252 3 
253 8 
254 5 
255 -1 
256 10 
259 5 
260 -1 
261 8 
264 9 
265 1 
266 7 
267 8 
269 6 
270 8 
271 6 
272 3 
274 4 
275 2 
276 3 
277 2 
