372 3 
374 9 
375 4 
376 -1 
377 4 
378 1 
379 2 
380 8 
382 8 
383 2 
384 2 
385 1 
387 7 
388 6 
390 2 
391 6 
393 5 
394 6 
395 8 
396 4 
398 8 
399 2 
400 6 
401 -1 
402 4 
403 -1 
404 4 
405 3 
407 -1 
408 6 
409 7 
410 7 
411 2 
412 9 
413 1 
414 4 
415 4 
416 9 
417 10 
418 4 
419 9 
420 3 
421 5 
423 3 
424 3 
425 5 
426 8 
427 7 
428 7 
429 3 
430 1 
431 9 
432 5 
433 9 
434 8 
435 3 
436 8 
437 10 
438 5 
439 6 
440 3 
442 10 
443 2 
444 5 
445 2 
446 2 
447 2 
448 9 
449 10 
450 -1 
451 8 
452 2 
454 3 
455 8 
456 5 
457 1 
459 2 
460 9 
461 -1 
462 8 
463 10 
464 8 
465 8 
466 8 
468 3 
469 10 
