96 7 
97 4 
98 6 
99 8 
100 4 
102 7 
103 -1 
104 5 
105 6 
106 5 
107 9 
108 2 
109 -1 
110 -1 
111 7 
112 5 
113 10 
114 5 
115 10 
116 1 
117 9 
118 6 
119 6 
120 10 
121 5 
122 5 
123 4 
124 8 
125 -1 
126 9 
127 7 
128 7 
129 3 
130 3 
131 5 
132 -1 
133 8 
134 9 
135 8 
136 -1 
137 2 
138 -1 
139 2 
140 8 
141 1 
142 9 
143 4 
144 6 
145 -1 
146 3 
147 4 
148 2 
149 7 
150 2 
151 5 
152 5 
153 4 
154 1 
155 1 
156 3 
158 -1 
159 2 
160 4 
161 2 
162 10 
163 1 
164 10 
165 9 
166 9 
167 2 
168 6 
169 8 
170 10 
171 5 
172 6 
173 5 
174 2 
175 10 
176 2 
177 6 
178 7 
179 9 
180 7 
181 8 
182 3 
183 6 
185 2 
186 1 
189 7 
190 1 
191 7 
193 10 
194 10 
195 10 
