96 10 
98 7 
99 -1 
101 7 
102 3 
103 6 
104 -1 
105 1 
106 9 
107 3 
108 -1 
109 5 
110 3 
111 4 
112 4 
113 6 
114 9 
115 8 
116 -1 
117 2 
118 3 
119 8 
120 3 
121 9 
122 7 
123 5 
124 5 
125 -1 
126 6 
127 2 
128 5 
130 5 
131 -1 
132 9 
133 4 
134 5 
135 9 
136 6 
137 9 
138 2 
139 7 
140 9 
142 10 
143 10 
144 3 
145 10 
146 6 
147 10 
148 8 
149 5 
150 1 
151 7 
152 6 
153 -1 
154 -1 
155 8 
156 5 
157 8 
158 3 
159 7 
160 7 
161 9 
162 8 
163 10 
164 1 
165 7 
166 8 
168 6 
169 9 
171 9 
172 5 
173 9 
174 8 
176 2 
177 8 
178 -1 
179 3 
180 6 
181 2 
182 6 
183 8 
184 2 
185 6 
186 2 
187 7 
188 7 
189 10 
190 5 
191 4 
192 6 
194 9 
195 1 
