372 -1 
373 7 
374 -1 
375 4 
376 5 
377 1 
378 2 
379 -1 
380 2 
381 5 
382 9 
383 8 
384 5 
386 2 
387 1 
388 4 
389 5 
390 10 
391 2 
392 4 
393 6 
394 -1 
395 -1 
396 7 
397 6 
398 9 
399 1 
400 5 
401 4 
402 10 
403 5 
406 -1 
407 1 
408 7 
409 2 
410 3 
411 7 
412 3 
413 8 
414 10 
416 10 
417 4 
418 2 
419 9 
420 9 
421 3 
422 3 
423 4 
424 2 
425 7 
427 4 
428 6 
430 2 
431 1 
432 6 
433 9 
434 8 
435 6 
436 4 
437 2 
439 8 
440 -1 
441 2 
442 10 
443 6 
444 1 
445 5 
446 1 
448 2 
449 3 
450 -1 
451 9 
452 5 
453 2 
454 3 
455 6 
456 5 
457 4 
458 -1 
459 10 
460 10 
462 10 
463 4 
464 7 
465 1 
466 1 
467 6 
468 4 
469 5 
