278 7 
279 6 
280 2 
281 2 
282 1 
283 10 
284 10 
285 1 
286 3 
287 9 
288 9 
289 4 
290 8 
291 5 
292 3 
293 4 
294 2 
295 9 
296 3 
297 4 
298 -1 
299 7 
300 7 
301 9 
302 10 
303 2 
304 1 
305 -1 
306 2 
307 -1 
309 8 
310 3 
311 10 
312 6 
313 6 
314 9 
315 2 
316 -1 
317 6 
318 5 
319 3 
320 6 
321 3 
323 2 
324 4 
325 10 
326 7 
327 8 
328 10 
329 1 
330 10 
331 3 
332 5 
333 9 
334 5 
335 6 
336 5 
337 9 
338 4 
339 9 
340 7 
341 -1 
342 5 
343 2 
344 8 
346 7 
347 4 
348 6 
349 3 
350 6 
351 10 
352 8 
353 3 
354 3 
355 1 
356 6 
357 1 
358 10 
359 -1 
360 4 
361 2 
362 5 
363 2 
364 4 
365 -1 
366 2 
367 3 
368 9 
369 2 
370 10 
371 -1 
