196 6 
197 -1 
198 6 
199 5 
200 -1 
201 4 
202 7 
203 10 
204 10 
205 2 
206 6 
207 -1 
208 9 
209 4 
210 2 
211 10 
212 6 
213 7 
214 9 
215 6 
216 10 
217 3 
218 3 
219 4 
220 1 
221 -1 
222 1 
223 1 
224 9 
225 3 
226 8 
227 8 
228 1 
229 8 
230 4 
231 8 
232 7 
233 1 
234 1 
235 10 
236 2 
237 1 
238 7 
239 4 
240 1 
241 6 
242 10 
243 2 
244 8 
245 7 
246 4 
247 8 
248 4 
249 3 
250 9 
251 1 
252 4 
253 1 
255 10 
256 6 
257 8 
258 9 
259 1 
260 4 
261 1 
262 7 
263 9 
264 4 
265 2 
266 -1 
267 9 
268 3 
269 6 
270 10 
271 2 
272 -1 
273 4 
274 8 
275 8 
276 10 
277 2 
