0 9 
1 7 
2 -1 
3 8 
4 8 
5 5 
6 4 
7 5 
9 4 
10 4 
11 3 
12 4 
13 8 
14 2 
15 8 
16 5 
17 1 
18 -1 
19 -1 
20 6 
22 4 
23 3 
24 4 
25 10 
26 10 
28 7 
29 5 
30 8 
31 4 
32 5 
33 4 
34 3 
35 3 
36 5 
37 9 
38 4 
39 3 
40 2 
41 3 
42 10 
43 4 
44 1 
45 7 
46 2 
47 5 
48 -1 
49 7 
50 10 
51 6 
52 5 
53 3 
54 1 
55 1 
56 -1 
57 3 
58 -1 
59 1 
61 3 
62 4 
64 7 
65 -1 
66 -1 
67 3 
69 7 
71 4 
72 5 
73 1 
75 10 
76 -1 
77 3 
78 4 
79 9 
80 8 
81 10 
82 6 
83 1 
84 6 
85 3 
86 -1 
87 2 
88 9 
89 1 
90 8 
91 8 
92 10 
93 1 
94 5 
95 -1 
