96 9 
97 2 
98 6 
100 5 
101 4 
102 9 
103 5 
104 8 
105 4 
106 7 
107 3 
108 4 
109 7 
110 3 
111 6 
112 10 
113 3 
114 7 
115 -1 
116 5 
117 -1 
118 8 
119 9 
120 10 
121 9 
122 3 
123 8 
124 1 
125 4 
126 9 
127 3 
128 7 
129 2 
130 5 
131 7 
132 -1 
133 6 
134 2 
135 8 
136 6 
137 5 
138 -1 
139 7 
140 9 
141 5 
142 9 
143 2 
145 6 
147 10 
149 9 
150 1 
151 8 
152 2 
153 -1 
154 7 
155 3 
156 7 
157 3 
158 2 
159 3 
160 10 
161 3 
163 -1 
164 2 
165 9 
166 5 
167 8 
168 10 
169 2 
170 4 
171 2 
172 6 
174 3 
175 1 
176 5 
177 4 
178 6 
179 10 
180 8 
181 8 
182 10 
183 1 
184 10 
185 7 
186 7 
187 2 
188 7 
189 4 
190 2 
191 4 
192 5 
193 6 
194 10 
195 9 
