372 5 
373 3 
374 6 
375 -1 
376 5 
377 3 
378 5 
379 2 
380 9 
381 -1 
382 8 
383 1 
384 1 
385 9 
386 6 
387 8 
388 5 
389 10 
392 3 
393 -1 
394 2 
395 6 
396 7 
397 8 
398 6 
399 8 
400 8 
401 5 
402 1 
403 8 
404 9 
405 -1 
406 4 
407 4 
408 4 
409 -1 
411 3 
413 5 
414 5 
416 5 
417 9 
418 3 
419 2 
420 9 
422 10 
423 10 
424 1 
425 7 
426 5 
428 3 
429 1 
430 5 
431 -1 
432 9 
433 8 
434 6 
435 4 
436 6 
437 9 
438 8 
439 3 
440 4 
441 9 
442 5 
443 4 
444 -1 
445 8 
446 8 
447 9 
448 2 
449 3 
451 9 
452 6 
453 7 
454 8 
456 10 
457 10 
458 9 
459 8 
460 5 
461 4 
462 4 
463 9 
464 3 
465 2 
466 8 
467 1 
468 2 
469 5 
