278 8 
279 1 
280 4 
281 7 
282 7 
283 3 
284 2 
285 4 
287 -1 
288 2 
289 9 
291 5 
292 2 
294 -1 
295 4 
296 9 
297 9 
298 2 
300 9 
301 10 
302 7 
303 6 
304 3 
305 1 
306 8 
307 4 
308 3 
309 10 
310 9 
312 10 
313 1 
314 1 
315 4 
316 10 
317 10 
318 6 
319 8 
320 4 
321 10 
322 7 
323 6 
324 6 
325 5 
326 4 
327 10 
328 1 
329 2 
330 2 
331 6 
332 3 
333 1 
334 8 
335 10 
336 1 
337 8 
338 1 
339 3 
340 -1 
341 5 
342 6 
343 2 
344 10 
345 8 
346 6 
347 3 
348 6 
349 1 
351 -1 
353 3 
354 2 
355 2 
356 3 
357 1 
358 7 
360 8 
361 3 
362 6 
364 3 
365 6 
366 7 
367 9 
368 4 
369 7 
370 9 
371 1 
