0 2 
1 8 
2 6 
3 4 
4 1 
5 4 
6 8 
7 7 
8 10 
9 10 
10 8 
11 6 
12 5 
14 7 
15 5 
16 7 
17 3 
18 6 
19 8 
20 6 
21 -1 
22 5 
23 10 
24 6 
25 5 
26 4 
27 6 
28 4 
29 1 
30 6 
31 6 
32 4 
33 10 
34 5 
35 4 
36 10 
37 1 
38 3 
39 5 
40 2 
41 1 
42 5 
43 7 
44 2 
45 2 
46 10 
47 3 
48 9 
49 10 
50 1 
52 2 
53 8 
54 7 
55 9 
56 1 
57 4 
58 8 
59 2 
60 10 
61 9 
62 3 
63 3 
64 5 
65 7 
66 9 
67 7 
69 1 
70 5 
71 1 
73 4 
74 5 
75 6 
76 9 
77 -1 
78 9 
79 4 
80 4 
82 3 
84 7 
85 7 
86 -1 
87 9 
88 1 
89 9 
92 -1 
93 3 
94 8 
95 3 
