373 6 
374 3 
375 3 
376 8 
377 10 
378 10 
379 6 
380 7 
381 1 
383 5 
384 9 
385 3 
386 6 
387 5 
388 10 
389 6 
390 7 
391 4 
392 7 
393 5 
394 3 
395 8 
396 10 
397 1 
398 7 
400 4 
401 2 
402 -1 
403 4 
404 1 
406 2 
407 3 
408 9 
409 7 
410 8 
411 10 
412 1 
413 9 
415 8 
416 5 
417 -1 
418 -1 
419 9 
420 -1 
421 5 
422 5 
423 5 
424 10 
425 7 
426 10 
427 5 
428 3 
429 4 
430 3 
432 7 
433 6 
434 -1 
435 1 
436 3 
437 7 
438 2 
439 4 
440 10 
442 9 
443 8 
444 6 
445 -1 
446 7 
447 7 
448 -1 
449 4 
450 4 
451 2 
452 5 
453 6 
454 3 
455 7 
456 1 
457 5 
459 1 
460 9 
462 3 
463 2 
464 1 
466 1 
467 3 
468 10 
469 4 
