278 4 
279 1 
280 3 
281 10 
282 10 
283 1 
284 6 
285 5 
286 2 
287 5 
288 4 
289 -1 
290 2 
291 -1 
292 10 
293 10 
294 5 
295 4 
296 -1 
297 5 
298 9 
300 7 
301 10 
302 5 
304 2 
305 8 
306 8 
307 1 
308 5 
309 1 
310 1 
311 -1 
312 1 
313 4 
314 7 
315 4 
316 8 
317 9 
318 5 
319 8 
320 7 
321 4 
322 3 
323 10 
324 8 
325 10 
326 3 
328 -1 
329 2 
330 4 
331 8 
332 2 
333 -1 
334 6 
335 3 
336 -1 
337 6 
338 3 
339 -1 
340 5 
341 10 
343 4 
344 5 
345 1 
346 8 
347 4 
348 5 
349 3 
351 5 
352 7 
353 10 
354 5 
355 10 
356 -1 
357 5 
358 8 
359 10 
360 4 
361 9 
365 -1 
366 9 
367 2 
368 10 
369 1 
370 7 
371 -1 
