196 1 
197 5 
198 2 
199 1 
200 -1 
201 8 
202 5 
203 5 
204 10 
205 4 
206 10 
207 3 
208 4 
209 10 
210 8 
211 1 
212 4 
213 4 
214 4 
215 4 
216 8 
217 2 
218 4 
219 6 
220 5 
221 6 
222 8 
223 2 
224 9 
225 5 
227 5 
228 3 
229 3 
230 5 
231 1 
232 -1 
233 6 
234 5 
235 9 
236 7 
237 8 
238 3 
239 6 
240 6 
241 7 
242 9 
243 -1 
245 8 
246 5 
247 -1 
249 10 
250 1 
251 2 
252 10 
253 3 
254 8 
255 -1 
256 9 
257 4 
258 -1 
259 -1 
260 2 
261 8 
262 4 
263 4 
265 1 
266 6 
267 -1 
268 3 
269 4 
270 3 
271 8 
272 9 
273 6 
274 6 
276 5 
277 2 
