97 10 
98 7 
99 -1 
100 10 
101 6 
102 7 
103 -1 
105 2 
106 2 
108 10 
109 -1 
110 5 
111 7 
112 3 
113 8 
114 4 
115 2 
116 9 
117 10 
118 3 
119 5 
120 2 
121 4 
122 10 
123 1 
124 4 
125 -1 
126 -1 
127 3 
128 -1 
129 1 
130 1 
131 4 
132 1 
133 10 
134 1 
136 1 
137 3 
138 10 
139 9 
140 1 
143 2 
144 7 
145 4 
146 10 
147 1 
148 1 
149 4 
150 2 
151 2 
152 8 
154 5 
155 5 
156 6 
157 8 
159 3 
160 6 
161 7 
162 2 
163 9 
164 8 
165 1 
166 10 
167 5 
168 -1 
169 2 
170 4 
171 7 
172 1 
174 -1 
177 5 
178 2 
179 6 
180 4 
181 3 
182 6 
183 6 
184 1 
185 4 
186 3 
187 5 
188 3 
190 2 
191 5 
192 1 
193 7 
194 -1 
195 7 
