278 5 
279 7 
280 4 
281 2 
282 5 
283 3 
284 2 
285 3 
286 4 
287 2 
288 -1 
289 1 
290 3 
291 2 
292 3 
293 9 
294 10 
295 1 
296 1 
297 8 
298 5 
299 9 
300 2 
301 8 
302 8 
303 10 
304 4 
306 4 
307 3 
308 -1 
310 3 
311 1 
312 1 
313 6 
314 6 
315 3 
316 2 
317 10 
318 8 
319 2 
321 1 
322 7 
323 10 
324 -1 
325 1 
326 4 
327 7 
328 8 
330 1 
331 10 
332 1 
333 8 
335 9 
336 2 
337 10 
338 8 
339 -1 
340 4 
341 4 
342 -1 
343 1 
345 -1 
346 2 
347 1 
348 2 
349 2 
351 9 
352 8 
353 9 
354 5 
355 9 
356 5 
357 4 
358 7 
359 6 
360 -1 
361 5 
362 8 
363 5 
364 10 
365 2 
366 3 
367 2 
368 9 
369 7 
370 2 
371 3 
