278 5 
279 6 
281 1 
282 7 
283 10 
284 2 
285 1 
286 7 
287 -1 
288 10 
289 -1 
290 4 
291 -1 
292 -1 
293 6 
294 10 
295 10 
296 -1 
297 6 
298 10 
299 10 
300 3 
301 8 
302 4 
303 5 
304 6 
305 7 
306 2 
307 3 
308 1 
309 3 
310 3 
311 5 
313 8 
314 2 
315 3 
316 10 
317 8 
318 2 
319 7 
320 -1 
321 -1 
322 5 
323 10 
325 10 
326 7 
327 5 
328 -1 
329 4 
330 7 
331 9 
332 7 
333 4 
334 10 
335 7 
336 4 
338 -1 
339 9 
340 10 
341 -1 
342 7 
343 -1 
344 6 
345 7 
346 4 
348 9 
349 5 
350 2 
351 2 
352 3 
353 8 
354 4 
355 1 
356 2 
357 -1 
358 -1 
359 8 
360 10 
361 4 
362 3 
363 5 
364 6 
365 3 
367 9 
369 2 
370 3 
371 4 
