96 8 
97 1 
98 10 
99 5 
100 6 
101 10 
102 2 
103 -1 
105 6 
106 9 
107 4 
108 5 
109 10 
110 2 
111 2 
112 7 
113 -1 
114 2 
116 8 
117 9 
118 3 
120 8 
121 1 
122 5 
123 9 
124 6 
125 9 
126 8 
127 2 
129 6 
130 4 
131 3 
132 4 
133 9 
134 1 
135 1 
136 -1 
137 5 
138 7 
139 7 
140 6 
141 6 
142 6 
143 8 
145 4 
146 6 
147 6 
148 5 
149 1 
150 10 
151 9 
152 6 
153 -1 
154 8 
155 9 
156 -1 
157 7 
158 2 
159 6 
160 2 
161 -1 
162 2 
163 7 
164 7 
165 8 
166 5 
167 2 
168 3 
169 4 
170 5 
171 3 
172 6 
173 7 
174 1 
175 3 
177 3 
178 7 
179 8 
180 3 
181 9 
182 8 
183 5 
184 2 
185 3 
186 2 
187 -1 
188 8 
189 5 
190 7 
191 7 
192 2 
193 -1 
194 8 
195 4 
