278 9 
279 5 
280 9 
281 4 
282 -1 
283 10 
284 7 
285 4 
286 8 
287 4 
288 5 
289 10 
290 6 
291 6 
292 -1 
293 1 
294 2 
295 1 
296 6 
297 3 
298 7 
299 3 
300 5 
301 -1 
302 6 
303 2 
304 4 
305 7 
306 2 
307 6 
308 1 
310 4 
311 2 
312 4 
313 3 
314 10 
315 3 
316 3 
317 5 
318 7 
319 10 
320 2 
321 -1 
322 4 
323 2 
324 5 
325 5 
326 5 
327 10 
328 1 
329 10 
330 6 
333 4 
334 2 
335 8 
336 1 
337 2 
338 -1 
339 7 
340 9 
341 8 
342 10 
343 -1 
344 10 
345 6 
346 7 
347 10 
348 5 
349 8 
350 1 
351 1 
352 1 
353 1 
354 -1 
355 -1 
356 7 
357 -1 
358 6 
359 10 
360 1 
361 7 
362 6 
363 3 
364 5 
365 3 
366 6 
368 8 
369 5 
370 7 
371 2 
