197 2 
199 8 
200 1 
201 8 
202 5 
203 7 
205 2 
206 5 
207 8 
208 4 
209 3 
210 7 
211 -1 
212 3 
213 2 
214 5 
215 6 
216 6 
217 2 
218 6 
219 -1 
220 6 
221 8 
222 5 
223 10 
224 9 
225 7 
226 10 
227 2 
228 6 
229 2 
230 7 
231 6 
232 -1 
233 10 
235 10 
236 6 
237 8 
238 10 
239 10 
240 9 
241 10 
242 10 
243 10 
244 2 
245 6 
246 -1 
247 1 
248 4 
249 -1 
250 9 
251 -1 
252 9 
253 1 
254 1 
256 8 
258 7 
259 7 
260 -1 
261 8 
262 10 
263 4 
264 1 
265 1 
266 4 
267 2 
269 3 
270 4 
271 4 
272 2 
273 5 
274 10 
275 1 
277 8 
