0 9 
1 5 
2 7 
3 -1 
4 9 
5 10 
6 9 
7 1 
8 3 
9 1 
10 7 
11 6 
12 -1 
13 1 
14 10 
15 4 
16 7 
17 7 
18 7 
19 1 
20 4 
21 5 
22 5 
23 9 
24 6 
25 3 
26 7 
27 6 
28 10 
29 1 
30 1 
31 -1 
32 8 
33 7 
34 5 
35 3 
37 3 
38 8 
39 9 
40 6 
41 9 
42 1 
43 4 
44 6 
45 3 
46 9 
47 9 
48 5 
49 10 
50 3 
51 6 
52 2 
53 10 
54 4 
55 3 
56 1 
57 8 
58 4 
59 1 
60 6 
61 1 
62 7 
63 5 
64 5 
65 7 
66 2 
67 1 
68 4 
69 10 
70 10 
71 -1 
72 10 
73 1 
74 -1 
75 7 
76 9 
77 6 
78 6 
79 1 
80 4 
81 6 
82 9 
83 5 
84 1 
85 3 
86 1 
87 9 
88 2 
89 10 
90 2 
91 1 
92 4 
93 8 
94 -1 
95 1 
