196 2 
197 5 
198 1 
199 3 
200 7 
201 7 
203 -1 
204 -1 
205 1 
206 1 
207 10 
208 6 
209 5 
210 1 
211 3 
212 4 
213 10 
214 7 
215 10 
216 3 
217 8 
218 10 
219 1 
220 6 
222 1 
223 -1 
224 2 
225 8 
227 1 
228 3 
229 1 
230 7 
231 1 
232 10 
234 10 
235 -1 
236 6 
237 6 
238 5 
239 4 
240 3 
242 2 
243 7 
244 1 
246 2 
247 9 
248 8 
249 9 
250 3 
251 8 
252 -1 
254 9 
255 2 
256 3 
257 9 
259 7 
260 -1 
262 8 
263 10 
264 6 
265 9 
266 8 
267 9 
268 4 
270 9 
271 3 
272 6 
273 8 
274 5 
275 8 
276 -1 
