196 5 
197 5 
198 2 
199 2 
201 -1 
202 1 
203 5 
204 3 
206 8 
207 6 
208 6 
209 5 
210 8 
211 5 
212 9 
213 10 
214 5 
215 7 
216 6 
217 5 
218 10 
219 7 
220 -1 
222 3 
223 8 
224 -1 
225 6 
226 3 
227 4 
228 2 
230 10 
231 10 
232 10 
233 8 
234 5 
235 1 
236 -1 
237 7 
238 5 
239 1 
240 10 
241 5 
242 6 
243 3 
244 7 
245 2 
246 2 
247 2 
248 6 
249 8 
250 2 
251 2 
252 6 
253 5 
254 2 
255 1 
256 8 
257 2 
258 6 
259 8 
260 5 
262 10 
263 5 
264 1 
265 5 
266 3 
267 3 
268 1 
269 5 
270 8 
272 9 
273 6 
275 3 
276 4 
277 6 
