372 -1 
373 9 
374 3 
375 1 
376 1 
377 2 
378 5 
379 6 
380 1 
381 1 
382 1 
383 2 
385 5 
386 10 
387 9 
389 10 
390 -1 
391 7 
392 3 
394 10 
395 4 
396 -1 
397 5 
398 2 
399 6 
400 5 
401 10 
402 3 
403 4 
404 8 
405 -1 
406 9 
407 7 
408 4 
409 4 
411 5 
412 10 
413 4 
414 2 
415 9 
416 7 
417 4 
418 6 
419 4 
420 2 
421 -1 
422 6 
423 7 
424 6 
425 10 
426 8 
427 3 
428 6 
429 6 
430 1 
431 -1 
432 9 
433 7 
434 4 
435 1 
436 6 
437 1 
438 4 
439 1 
440 4 
441 1 
442 2 
443 2 
444 -1 
445 10 
446 10 
447 10 
448 6 
449 9 
450 1 
451 -1 
452 5 
453 1 
454 3 
455 3 
456 2 
457 8 
458 1 
459 7 
461 1 
462 4 
463 2 
464 6 
465 8 
466 5 
467 -1 
468 4 
469 6 
