0 2 
1 1 
2 2 
3 5 
4 2 
5 7 
6 9 
7 6 
8 -1 
9 7 
10 7 
11 6 
12 6 
13 4 
14 8 
15 4 
16 6 
17 1 
18 5 
19 2 
20 3 
21 8 
22 5 
24 7 
25 7 
27 9 
28 7 
29 10 
30 5 
31 3 
33 6 
34 2 
35 -1 
36 7 
37 7 
38 4 
39 5 
40 7 
41 4 
42 9 
43 7 
44 5 
45 3 
46 6 
47 7 
48 -1 
49 8 
51 7 
52 9 
53 2 
54 -1 
55 6 
56 9 
57 8 
58 4 
59 4 
60 8 
61 4 
62 8 
63 1 
64 9 
65 7 
66 10 
67 6 
68 10 
69 5 
71 5 
72 4 
73 6 
74 4 
75 10 
76 1 
77 -1 
78 10 
79 9 
80 8 
81 -1 
82 9 
83 -1 
84 4 
85 7 
86 -1 
87 6 
88 -1 
89 8 
90 4 
91 9 
92 7 
93 5 
94 5 
95 -1 
