0 3 
1 1 
2 1 
3 2 
4 8 
5 4 
6 10 
7 9 
8 9 
9 -1 
10 7 
12 4 
13 3 
14 7 
15 1 
16 10 
18 -1 
19 8 
20 2 
21 6 
22 7 
23 3 
25 5 
26 1 
27 9 
28 2 
29 4 
30 2 
31 5 
32 3 
33 8 
34 5 
35 1 
36 -1 
37 7 
38 3 
39 10 
40 10 
41 3 
42 1 
43 6 
44 4 
45 2 
46 2 
48 4 
49 9 
50 9 
51 6 
52 2 
53 1 
54 6 
55 3 
56 9 
57 4 
58 4 
59 6 
61 8 
62 10 
63 4 
64 4 
65 5 
66 2 
67 2 
68 6 
70 7 
71 8 
72 3 
73 3 
74 1 
75 4 
76 10 
77 3 
78 2 
79 9 
80 7 
81 8 
82 9 
83 7 
84 7 
85 2 
86 8 
87 4 
88 5 
89 -1 
90 6 
91 1 
92 4 
93 5 
94 7 
