372 8 
373 6 
374 9 
375 8 
376 7 
377 -1 
378 9 
379 -1 
380 8 
381 9 
382 2 
383 -1 
384 7 
385 3 
386 4 
387 9 
388 6 
389 9 
390 7 
391 9 
393 10 
394 7 
395 8 
396 1 
397 5 
398 -1 
399 -1 
400 8 
401 5 
402 5 
403 2 
404 5 
405 4 
406 1 
407 7 
408 8 
409 8 
410 2 
411 6 
412 1 
414 9 
415 9 
416 4 
417 7 
418 7 
419 2 
420 10 
421 10 
423 7 
424 4 
425 6 
426 8 
427 4 
428 2 
429 2 
431 6 
432 -1 
433 1 
434 6 
435 7 
436 2 
437 4 
438 3 
439 6 
440 3 
441 6 
442 -1 
443 5 
444 3 
445 1 
446 2 
447 -1 
448 7 
449 2 
450 8 
451 7 
452 1 
453 7 
454 3 
455 8 
456 1 
457 7 
458 7 
460 6 
461 4 
462 9 
463 3 
464 1 
465 4 
466 3 
467 10 
469 2 
