0 8 
2 5 
4 6 
5 8 
6 7 
7 -1 
8 -1 
9 -1 
10 6 
11 7 
12 1 
13 -1 
14 7 
15 3 
16 7 
17 9 
18 9 
19 8 
20 10 
21 4 
22 2 
23 2 
24 2 
25 9 
26 6 
27 8 
28 1 
30 1 
31 2 
33 2 
34 2 
35 10 
36 6 
37 3 
38 2 
39 7 
40 7 
41 4 
42 6 
44 6 
45 6 
46 10 
47 8 
48 9 
49 7 
50 9 
51 -1 
52 5 
53 2 
54 10 
55 3 
56 1 
57 5 
58 4 
59 6 
60 5 
61 6 
62 5 
63 -1 
64 4 
65 2 
66 1 
67 3 
68 2 
69 4 
70 4 
71 9 
72 10 
73 7 
74 -1 
75 6 
76 4 
77 6 
78 5 
79 8 
80 4 
81 5 
82 10 
83 3 
84 4 
85 5 
86 6 
87 4 
88 9 
89 4 
90 3 
91 5 
92 2 
93 2 
94 1 
95 8 
