372 10 
373 2 
374 9 
375 8 
376 1 
377 5 
378 2 
379 4 
380 1 
381 6 
382 2 
383 -1 
384 7 
386 3 
387 5 
388 2 
390 5 
391 6 
392 10 
393 2 
394 1 
395 7 
396 10 
397 2 
398 7 
399 10 
401 1 
402 9 
403 6 
404 5 
405 10 
406 2 
407 4 
408 4 
409 6 
410 8 
411 3 
413 3 
414 3 
415 4 
416 -1 
417 5 
418 4 
419 8 
420 3 
421 -1 
422 2 
423 2 
424 9 
425 3 
426 5 
427 2 
428 -1 
430 -1 
431 8 
432 4 
433 9 
434 4 
435 -1 
436 3 
437 3 
438 -1 
439 2 
440 10 
442 8 
443 10 
444 1 
445 9 
446 6 
447 4 
448 3 
450 2 
451 1 
452 3 
453 10 
454 8 
455 3 
456 4 
457 2 
458 7 
461 5 
462 8 
463 4 
464 9 
465 5 
467 9 
469 4 
