197 8 
198 3 
199 5 
200 10 
201 3 
202 3 
203 3 
204 6 
205 6 
206 7 
207 3 
208 6 
209 1 
210 3 
211 -1 
212 2 
213 4 
214 2 
215 3 
216 8 
217 6 
219 3 
220 8 
222 1 
223 9 
224 5 
225 1 
226 1 
227 4 
228 2 
229 4 
231 4 
232 3 
233 3 
234 4 
235 10 
236 3 
237 1 
238 10 
239 7 
240 5 
241 1 
242 4 
243 1 
244 1 
245 10 
247 5 
248 5 
249 2 
250 5 
251 2 
252 8 
253 8 
254 1 
255 1 
256 5 
257 6 
258 -1 
259 4 
260 4 
261 3 
262 5 
263 7 
265 10 
266 5 
267 10 
268 10 
269 1 
270 5 
272 10 
273 5 
274 7 
275 8 
276 5 
