278 8 
279 9 
280 3 
281 7 
282 5 
283 6 
284 6 
285 10 
288 5 
289 -1 
290 6 
291 3 
292 -1 
293 8 
294 2 
295 5 
296 6 
297 5 
299 -1 
300 1 
301 5 
302 10 
303 10 
304 5 
305 8 
306 2 
307 7 
308 10 
309 3 
310 -1 
311 4 
313 6 
314 6 
315 7 
316 1 
317 10 
319 6 
320 3 
321 10 
322 2 
323 10 
324 1 
325 7 
326 3 
329 8 
330 5 
331 2 
332 8 
333 7 
334 1 
335 3 
336 10 
337 5 
338 6 
339 1 
340 6 
341 8 
342 2 
343 6 
344 1 
345 -1 
346 9 
347 2 
348 7 
349 2 
351 4 
352 6 
354 6 
355 1 
356 10 
357 -1 
358 2 
359 9 
361 5 
362 2 
363 10 
365 1 
366 1 
367 6 
368 3 
369 3 
370 -1 
371 2 
