0 8 
1 10 
3 3 
4 10 
5 2 
6 7 
7 9 
8 2 
9 1 
10 2 
11 4 
13 10 
14 2 
15 -1 
16 3 
17 5 
18 4 
19 9 
20 4 
21 3 
22 8 
23 8 
25 1 
26 7 
27 10 
29 3 
30 9 
32 -1 
33 6 
34 7 
35 2 
36 6 
37 6 
38 5 
39 2 
40 10 
42 6 
43 5 
44 3 
45 5 
46 7 
47 6 
48 4 
49 9 
50 3 
52 3 
53 -1 
54 2 
56 7 
57 -1 
58 7 
59 6 
61 4 
62 9 
63 8 
64 3 
65 3 
66 8 
68 2 
69 3 
71 5 
72 8 
73 -1 
74 9 
75 4 
76 9 
77 2 
78 5 
79 9 
80 2 
81 1 
82 8 
83 9 
84 6 
85 10 
86 1 
87 5 
88 -1 
89 5 
90 3 
92 4 
93 6 
94 8 
95 4 
