196 7 
197 8 
199 8 
200 4 
201 1 
202 8 
204 2 
205 -1 
206 3 
207 9 
208 5 
209 1 
211 5 
212 1 
213 -1 
214 4 
216 7 
217 4 
218 9 
219 8 
220 5 
221 4 
222 3 
223 9 
224 7 
225 2 
226 9 
228 8 
229 2 
230 2 
231 10 
232 7 
233 6 
234 5 
235 -1 
236 4 
237 -1 
238 -1 
239 -1 
240 5 
241 9 
242 10 
243 7 
244 -1 
245 9 
246 6 
247 5 
248 9 
249 9 
250 4 
251 1 
252 4 
255 8 
256 8 
257 6 
258 6 
259 -1 
260 -1 
261 10 
262 3 
264 3 
265 5 
266 9 
267 3 
268 7 
269 9 
270 1 
271 -1 
272 8 
273 8 
274 9 
275 8 
276 6 
277 6 
