96 8 
97 6 
98 5 
99 2 
100 2 
101 3 
102 7 
103 5 
104 -1 
105 1 
106 6 
107 5 
108 8 
109 1 
111 2 
112 4 
113 2 
114 1 
115 10 
116 -1 
117 5 
118 1 
119 8 
120 1 
121 4 
122 3 
123 6 
124 2 
125 7 
126 6 
127 4 
128 5 
129 5 
131 3 
132 6 
133 9 
134 10 
136 10 
137 1 
138 5 
139 4 
140 3 
141 1 
142 3 
143 10 
144 4 
145 5 
147 6 
148 10 
149 5 
150 1 
151 -1 
152 9 
153 7 
154 6 
155 5 
156 7 
157 6 
158 4 
159 4 
160 5 
162 8 
163 5 
164 4 
165 5 
167 8 
168 5 
169 9 
170 2 
172 9 
173 3 
174 6 
175 7 
176 2 
177 4 
178 7 
179 2 
180 10 
181 10 
182 5 
183 6 
184 7 
185 7 
186 2 
187 9 
188 9 
190 3 
191 7 
193 3 
194 2 
195 4 
