0 4 
1 4 
2 6 
3 8 
4 2 
5 -1 
6 5 
7 3 
8 1 
10 -1 
12 6 
14 4 
15 5 
16 6 
17 7 
18 -1 
19 8 
20 1 
21 3 
22 6 
23 -1 
24 9 
25 3 
27 -1 
28 1 
29 4 
30 2 
32 7 
33 5 
34 3 
35 9 
36 7 
37 5 
38 6 
40 5 
41 1 
42 3 
43 5 
44 3 
45 5 
46 3 
47 10 
48 7 
49 8 
50 3 
51 7 
52 8 
53 10 
54 -1 
56 9 
57 2 
58 3 
59 6 
61 10 
62 7 
63 1 
64 10 
65 10 
66 6 
67 6 
68 6 
69 -1 
70 1 
71 7 
72 3 
74 2 
75 2 
76 8 
77 9 
78 -1 
79 4 
80 2 
81 4 
82 10 
83 10 
84 8 
85 9 
86 -1 
87 6 
88 8 
90 8 
91 1 
92 7 
93 1 
94 5 
95 9 
