372 6 
373 4 
374 4 
375 1 
376 7 
377 5 
378 9 
379 1 
380 1 
384 8 
385 5 
386 9 
387 6 
388 4 
389 3 
390 2 
392 2 
394 2 
395 4 
396 3 
397 2 
398 9 
399 1 
400 5 
401 7 
402 9 
403 2 
404 10 
406 4 
407 1 
408 3 
409 10 
410 7 
411 3 
412 8 
414 9 
415 2 
416 9 
418 10 
419 2 
420 2 
421 8 
422 4 
423 2 
424 -1 
425 4 
427 5 
428 9 
429 3 
431 -1 
432 9 
433 3 
434 7 
435 -1 
436 -1 
437 8 
438 6 
439 4 
441 9 
442 8 
444 4 
445 9 
447 9 
448 1 
449 4 
450 9 
452 10 
453 1 
454 7 
455 1 
456 5 
457 3 
458 3 
460 3 
461 2 
462 8 
463 9 
464 3 
465 2 
466 3 
467 10 
468 2 
469 1 
