96 4 
97 8 
98 -1 
99 -1 
100 10 
101 4 
102 8 
103 1 
104 5 
105 6 
106 10 
107 2 
108 7 
109 5 
110 1 
111 5 
112 -1 
113 -1 
114 6 
115 9 
116 9 
117 7 
118 1 
119 10 
120 9 
121 7 
123 4 
124 4 
125 1 
126 7 
127 8 
129 5 
130 6 
131 -1 
132 6 
133 7 
134 3 
135 5 
136 6 
137 4 
138 1 
139 6 
140 1 
141 7 
142 6 
143 -1 
144 7 
145 7 
146 9 
147 7 
148 8 
149 9 
150 4 
152 9 
153 7 
154 7 
156 -1 
157 -1 
158 5 
159 3 
160 -1 
161 5 
162 1 
163 6 
164 6 
165 9 
167 6 
168 3 
169 10 
170 6 
171 1 
172 6 
173 3 
174 3 
175 6 
176 8 
177 9 
178 4 
179 10 
180 7 
181 9 
182 -1 
183 10 
184 9 
186 10 
187 -1 
188 2 
189 8 
190 -1 
191 10 
192 -1 
193 10 
194 1 
195 9 
