0 2 
1 -1 
2 7 
3 -1 
4 9 
5 1 
7 -1 
8 3 
9 7 
10 8 
12 -1 
13 -1 
14 2 
15 10 
16 3 
17 10 
18 1 
19 2 
20 8 
21 4 
22 9 
23 -1 
24 3 
25 4 
26 3 
27 9 
28 5 
30 4 
31 6 
32 9 
33 5 
34 5 
35 1 
36 3 
37 6 
38 8 
39 4 
40 2 
41 5 
42 6 
44 4 
45 3 
46 10 
47 8 
50 8 
51 3 
52 10 
53 1 
54 8 
55 5 
56 2 
57 1 
58 -1 
59 3 
61 8 
62 3 
63 2 
64 6 
65 -1 
66 7 
67 -1 
68 10 
69 1 
70 8 
71 1 
72 1 
73 4 
74 8 
75 3 
76 10 
78 6 
79 1 
80 7 
81 8 
82 3 
83 9 
84 1 
85 7 
86 10 
87 8 
88 2 
89 9 
90 7 
91 -1 
92 6 
93 10 
94 8 
95 10 
