96 7 
97 -1 
98 -1 
99 2 
100 8 
101 -1 
102 8 
103 5 
104 6 
105 6 
107 9 
108 2 
109 7 
110 8 
111 9 
113 7 
114 9 
115 8 
116 5 
117 4 
118 2 
120 3 
121 3 
122 8 
123 2 
124 4 
125 2 
126 2 
127 2 
128 3 
129 2 
130 6 
131 7 
132 10 
133 7 
134 6 
135 -1 
136 10 
138 6 
139 8 
140 -1 
141 2 
142 2 
143 2 
144 6 
145 -1 
146 2 
147 -1 
148 2 
150 2 
151 10 
152 4 
153 6 
154 7 
155 6 
156 6 
157 6 
158 2 
159 3 
160 -1 
161 2 
162 -1 
163 4 
164 5 
165 6 
166 7 
167 7 
168 4 
170 -1 
171 10 
172 9 
173 10 
174 2 
175 7 
176 4 
177 2 
178 7 
179 9 
180 10 
181 10 
182 2 
183 10 
184 5 
185 9 
187 2 
188 1 
189 7 
190 1 
192 10 
193 6 
194 3 
195 3 
