372 6 
373 5 
374 1 
375 1 
376 8 
377 10 
378 10 
379 4 
380 9 
381 8 
382 1 
383 9 
384 5 
385 2 
386 4 
387 -1 
388 7 
389 7 
390 9 
391 9 
392 1 
393 7 
394 1 
395 9 
396 4 
397 4 
398 5 
399 2 
400 7 
401 4 
403 6 
404 7 
405 6 
406 3 
407 7 
408 10 
409 -1 
410 9 
411 4 
412 3 
413 6 
414 4 
415 -1 
416 8 
417 10 
418 9 
421 10 
422 -1 
424 2 
425 4 
426 6 
427 9 
428 2 
429 3 
430 6 
431 -1 
432 7 
433 5 
434 8 
435 4 
436 10 
437 7 
439 -1 
440 4 
441 5 
442 8 
443 4 
444 2 
445 9 
446 -1 
447 9 
448 3 
449 5 
450 2 
451 9 
452 2 
453 8 
454 5 
455 7 
456 3 
457 3 
458 -1 
459 1 
461 9 
462 8 
463 9 
464 10 
465 6 
466 10 
467 3 
469 3 
