278 -1 
279 9 
280 9 
281 -1 
282 3 
283 10 
285 -1 
286 8 
288 6 
289 2 
290 4 
291 -1 
292 4 
293 1 
294 9 
295 2 
299 4 
300 8 
301 8 
302 10 
303 4 
304 5 
305 7 
306 4 
307 -1 
308 -1 
309 4 
311 1 
312 8 
313 4 
314 2 
315 1 
316 3 
317 4 
318 3 
319 9 
320 5 
321 6 
322 6 
323 9 
324 4 
325 7 
326 6 
327 1 
328 9 
329 2 
330 9 
331 8 
332 5 
333 5 
334 -1 
335 7 
336 1 
337 -1 
338 3 
339 3 
340 10 
341 8 
342 3 
343 6 
344 5 
345 6 
346 3 
347 1 
348 3 
349 7 
350 10 
351 9 
352 -1 
353 9 
354 3 
355 4 
356 9 
357 -1 
358 10 
359 10 
360 2 
361 10 
362 7 
363 -1 
364 6 
365 10 
366 9 
367 1 
368 9 
370 10 
371 5 
