278 1 
279 2 
280 2 
281 1 
282 9 
283 2 
284 7 
285 3 
286 4 
287 1 
288 7 
290 10 
292 1 
293 4 
294 8 
295 10 
296 10 
297 9 
298 5 
300 8 
301 5 
302 9 
303 6 
304 5 
305 6 
306 -1 
307 9 
308 5 
309 3 
310 8 
311 4 
312 5 
313 4 
314 1 
315 6 
316 10 
317 5 
318 7 
319 3 
320 -1 
321 6 
322 9 
323 2 
324 3 
325 10 
326 7 
327 6 
328 5 
329 -1 
330 9 
331 6 
332 3 
333 1 
334 10 
336 4 
338 10 
340 10 
341 6 
342 7 
343 2 
344 3 
345 -1 
347 3 
348 6 
350 6 
351 7 
352 9 
353 7 
354 3 
356 8 
357 7 
358 9 
359 3 
360 5 
361 10 
362 7 
364 10 
365 7 
366 9 
367 7 
368 2 
369 3 
370 4 
371 5 
