278 2 
279 6 
280 -1 
281 3 
282 6 
284 4 
285 6 
288 3 
289 7 
290 9 
292 8 
294 8 
296 9 
298 3 
299 9 
300 10 
301 6 
302 8 
303 9 
304 8 
305 10 
306 10 
307 2 
308 3 
309 7 
310 8 
311 3 
312 3 
313 6 
314 10 
315 8 
316 1 
317 6 
318 -1 
319 7 
320 7 
321 -1 
322 7 
323 1 
324 5 
325 5 
326 7 
327 5 
328 5 
329 5 
332 1 
333 10 
334 7 
335 1 
336 7 
337 10 
338 4 
339 7 
340 7 
342 5 
343 6 
344 5 
345 6 
349 8 
350 1 
351 3 
353 -1 
354 -1 
355 6 
356 2 
357 3 
358 10 
359 5 
361 3 
362 8 
363 5 
364 4 
365 2 
366 5 
367 10 
370 1 
371 2 
