0 3 
1 -1 
2 -1 
3 1 
4 6 
5 5 
6 3 
7 5 
8 5 
9 3 
10 -1 
11 1 
12 4 
13 -1 
14 4 
15 2 
16 7 
17 4 
18 2 
19 6 
20 4 
22 2 
23 5 
24 8 
25 3 
27 10 
28 4 
29 7 
30 -1 
31 8 
32 7 
33 3 
34 2 
35 5 
36 2 
37 -1 
38 4 
39 10 
41 1 
43 4 
44 2 
45 6 
46 6 
47 4 
50 10 
51 5 
52 3 
55 -1 
56 7 
57 4 
58 5 
59 1 
60 6 
61 5 
62 2 
63 3 
64 7 
65 7 
66 9 
67 6 
68 10 
69 1 
73 3 
74 2 
75 10 
76 6 
77 9 
78 5 
79 8 
80 5 
81 3 
82 10 
84 6 
85 9 
86 7 
88 5 
89 -1 
90 8 
91 1 
92 10 
93 10 
94 1 
95 5 
